VARIABLES= "X m", "Y m", "U m/s", "V m/s", "CHC" ZONE I=52, J=55
 16  16 -2.9728 -13.8676 28.9024
 32  16 -11.2310 -17.6492 40.2124
 48  16 -6.9640 -8.4346 24.2418
 64  16 -5.9132 -7.2712 23.0015
 80  16  0.2802 -7.1544 24.3639
 96  16 10.7370 -5.8696 24.6585
112  16 18.6153 -4.3320 21.7907
128  16 17.5554 -3.5516 22.6575
144  16 24.6087 -2.8702 28.1378
160  16 25.1948 -2.8845 31.4495
176  16 26.9772 -2.0611 24.5639
192  16 35.1511 -1.8487 20.5513
208  16 39.3931 -2.4757 18.4048
224  16 39.8859 -3.1567 23.3959
240  16 36.6730 -3.2615 24.4437
256  16 29.2987 -2.0784 11.4789
272  16 24.4388 -0.9799 23.8992
288  16 27.3296 -1.0746 26.9148
304  16 25.3592 -0.7354 34.4291
320  16 16.6146  0.0131 18.6481
336  16 27.3097  1.1510 25.6701
352  16 43.3760  1.8691 21.7980
368  16 52.2213  2.0003 13.3091
384  16 46.0584  1.7793 28.4464
400  16 34.3153  1.8674 35.8954
416  16 19.6126  2.2129 23.1799
432  16 19.8325  1.1802 40.1190
448  16 22.9565 -0.0807 33.6772
464  16 27.1213 -0.8358 32.1411
480  16 33.7119 -0.4493 14.7310
496  16 28.7391 -0.1113 17.3346
512  16 28.3918  0.1271 18.6370
528  16 37.6950  1.0185 23.3734
544  16 50.4976  1.9391 20.4618
560  16 59.1693  2.0604 17.0913
576  16 59.2061  1.2731 24.7470
592  16 49.9213  0.4886 29.4886
608  16 36.1303  0.0993 25.6740
624  16 24.0258 -0.2778 23.0077
640  16 23.7724 -2.0977 21.4990
656  16 23.6868 -1.8246 15.4638
672  16 21.0307  0.1809 21.1545
688  16 22.5892  0.3773 15.6568
704  16 21.4375  0.5843 24.0586
720  16 19.1252  2.6179 28.6841
736  16 13.4944  3.3141 25.4981
752  16  7.0507  2.6132 15.2132
768  16  2.3444  1.2096 17.9458
784  16  0.0309 -0.7838 15.1563
800  16 -1.5374 -3.4756 23.4046
816  16 -4.4616 -6.9725 13.8990
832  16 -4.9882 -9.1121 16.1245
 16  32 -3.0164 -12.7818 23.4250
 32  32 -10.7096 -16.4283 30.4708
 48  32 -10.1558 -11.9750 33.1165
 64  32 -9.2326 -11.5944 37.1914
 80  32 -6.9487 -10.5649 30.5796
 96  32 -3.3739 -11.0465 22.3212
112  32  0.2608 -11.6856 16.9540
128  32  7.5959 -6.8745 15.8096
144  32 11.2282 -6.1258 17.8804
160  32 14.0583 -5.8513 20.5121
176  32 14.6397 -6.6089 19.3369
192  32 20.0020 -5.7462 15.3246
208  32 19.8322 -4.2799 17.5987
224  32 20.8002 -1.4617 19.2967
240  32 28.9164 -1.9793 18.9163
256  32 29.4592 -2.2610 11.0846
272  32 29.9489 -2.1560 21.6566
288  32 30.3724 -2.4155 19.3671
304  32 26.1339 -1.2603 19.7516
320  32 21.8983 -0.2640 20.9574
336  32 29.5758 -0.8643 17.9427
352  32 34.1439 -0.2390 18.1599
368  32 30.0705 -0.7874 28.7720
384  32 31.4485  0.3514 28.8038
400  32 38.1426  0.8618 25.8230
416  32 43.1173  0.7834 27.4707
432  32 37.6111  0.1267 28.1214
448  32 38.6652 -0.2810 28.5174
464  32 37.7220 -0.4581 27.3891
480  32 31.9333  0.0615 23.7640
496  32 29.8439 -0.2061 24.5004
512  32 28.0126 -0.8294 19.4975
528  32 39.1496 -0.0251 22.3013
544  32 35.5383  0.0198 28.0333
560  32 34.1947 -0.0161 14.8874
576  32 36.0389  0.5606 12.0013
592  32 43.8034  1.4966 20.5134
608  32 48.7988  1.6545 27.1382
624  32 49.4823  0.4842 15.0929
640  32 43.8291 -0.2174 18.3355
656  32 39.6348 -0.6553 22.0569
672  32 39.2227 -1.1178 31.0057
688  32 35.7060 -2.2360 22.8752
704  32 34.6244 -1.2716 14.9056
720  32 35.4144 -0.7764 22.1961
736  32 31.2779  2.5598 15.9300
752  32 29.4910  5.5291 14.4141
768  32 19.5556  2.8983 17.0392
784  32 10.3461 -0.1386 10.0628
800  32  3.5542 -2.7918 17.7471
816  32 -0.3173 -4.6583 14.5104
832  32 -1.6926 -6.3867  9.7267
 16  48 -2.1296 -7.9502 26.9434
 32  48 -5.8764 -11.3912 25.9285
 48  48 -8.3372 -10.6417 33.7989
 64  48 -8.6147 -11.8062 38.8296
 80  48 -7.5343 -12.0679 38.5977
 96  48 -3.7287 -12.2684 29.2143
112  48 -1.3668 -12.3585 32.7619
128  48  1.5636 -11.7721 34.5378
144  48  3.6829 -9.6748 28.4442
160  48  8.8666 -8.3038 23.8537
176  48 11.0102 -7.7777 24.7091
192  48 12.0388 -5.8132 19.9519
208  48 12.8077 -3.3592 21.0373
224  48 13.6753 -3.6696 21.2808
240  48 17.8291 -5.7138 25.1797
256  48 15.8000 -4.0450 23.5505
272  48 19.0250 -3.7429 27.0856
288  48 19.7490 -3.3599 23.9428
304  48 19.7174 -2.2776 21.7453
320  48 20.5776 -0.8721 23.3114
336  48 21.6021 -0.9001 21.7129
352  48 24.4059 -0.5470 22.5443
368  48 25.2925 -0.6874 25.2661
384  48 24.2326 -0.2279 28.8145
400  48 23.4434  1.4264 19.1826
416  48 28.1350 -1.2352 23.0396
432  48 28.7947 -0.4618 21.1915
448  48 29.8237  0.0414 24.6391
464  48 27.2789 -0.2822 25.3822
480  48 29.4112 -1.0611 25.0752
496  48 29.7509 -1.0767 23.5948
512  48 26.4053 -0.5915 19.1831
528  48 30.1797  0.1461 26.8397
544  48 33.2249  0.1225 22.8852
560  48 31.3101 -0.4246 20.6382
576  48 29.1571  0.0192 24.4260
592  48 31.2634 -0.1675 22.5629
608  48 32.6607 -0.5029 28.3995
624  48 29.9416 -0.0521 23.0536
640  48 36.7518  1.1131 21.8396
656  48 38.9230  1.5559 16.5229
672  48 40.5934 -0.2539 23.9731
688  48 34.9006 -0.4120 18.9879
704  48 35.3851 -0.3133 18.4841
720  48 43.4615  0.2564 20.4902
736  48 36.2597 -0.5601 22.0649
752  48 34.1670  2.9309 21.2775
768  48 39.0364  1.7914 20.6497
784  48 29.1427  5.1125 12.9735
800  48 31.4802  8.9759 21.7857
816  48 14.5963  0.4808 12.4999
832  48  4.7356 -4.7296 14.9840
 16  64 -0.9677 -8.4016 29.3783
 32  64 -3.1728 -10.4432 26.1833
 48  64 -3.9005 -12.1562 27.8386
 64  64 -5.2665 -12.8167 28.4851
 80  64 -4.9249 -14.9504 30.7151
 96  64 -1.6052 -14.6982 26.0530
112  64 -0.0458 -14.0696 25.0829
128  64  1.1897 -12.8367 27.4988
144  64  2.7339 -11.4752 23.5676
160  64  6.3798 -11.6729 20.5194
176  64  9.5536 -10.3013 28.9008
192  64 10.3788 -9.6154 28.2149
208  64 12.4081 -8.1281 29.1231
224  64 14.4951 -5.8282 23.4223
240  64 15.4621 -6.8837 24.7294
256  64 16.7207 -6.7303 27.1974
272  64 18.4814 -5.4287 23.8425
288  64 17.3301 -3.8470 23.4153
304  64 17.8181 -3.0340 26.1808
320  64 17.7209 -2.4243 26.2457
336  64 17.9485 -0.9995 26.3573
352  64 19.6455 -0.9006 26.5545
368  64 20.0331 -0.7197 27.0110
384  64 18.8669  0.7238 26.0033
400  64 19.6376  0.2568 26.4064
416  64 20.9933 -1.2181 24.4404
432  64 23.2371 -0.8382 24.1456
448  64 22.8984 -0.1810 30.4092
464  64 22.8635 -0.0860 31.6018
480  64 24.4005 -0.7960 29.1799
496  64 24.5504 -0.4906 26.2206
512  64 23.8566 -0.1748 25.0116
528  64 24.6880 -0.9995 34.4696
544  64 24.4802 -1.1348 26.9451
560  64 25.8639 -0.2896 24.6044
576  64 26.0549 -0.6771 28.6880
592  64 23.3532 -0.8736 27.3161
608  64 24.5650 -0.5791 32.4569
624  64 25.5269 -0.6717 32.3150
640  64 26.7999 -0.9338 34.1442
656  64 25.9738 -0.5052 22.9976
672  64 27.5074 -0.1111 27.4195
688  64 24.1721 -0.6076 29.4265
704  64 22.9067 -0.1742 37.6253
720  64 22.2551 -0.3207 36.6580
736  64 23.7590  0.6460 31.9349
752  64 23.0954  1.5121 32.1351
768  64 19.6452  4.2828 25.6540
784  64 19.5099  7.6564 21.6263
800  64 13.2877 14.2223 18.8758
816  64 12.6659 22.1799 20.9627
832  64 10.7807  7.8688 18.9323
 16  80  8.9769 -0.5116 25.7482
 32  80 -1.7835 -9.7842 25.1093
 48  80 -2.4418 -11.3548 26.5352
 64  80 -3.6652 -12.7814 25.1833
 80  80 -0.6447 -16.2518 27.9926
 96  80 -0.1024 -16.9365 27.7981
112  80  1.0686 -15.4487 22.1723
128  80  2.0602 -13.7257 23.2743
144  80  4.5831 -11.5676 19.1365
160  80  6.1497 -13.3154 22.0725
176  80  9.0065 -11.6993 30.3666
192  80 10.0705 -10.6593 33.1736
208  80 11.3737 -9.4177 38.0839
224  80 12.5084 -7.7585 32.9174
240  80 14.0150 -6.4016 32.0745
256  80 15.9746 -7.5164 33.4981
272  80 17.8470 -6.8070 32.5546
288  80 14.3356 -2.1861 31.9549
304  80 16.0806 -3.1511 36.1957
320  80 16.7566 -3.1533 32.4906
336  80 16.8170 -1.9577 35.8378
352  80 16.1613 -1.0267 33.9344
368  80 17.1999 -1.1437 37.4317
384  80 17.2525 -1.2814 37.4776
400  80 17.4365 -1.4211 30.5489
416  80 18.2466 -1.2390 35.2860
432  80 19.4057 -1.1222 35.0012
448  80 19.6993 -0.7590 44.8643
464  80 19.9188 -1.0043 40.5165
480  80 20.1315 -0.9702 34.0087
496  80 20.8716 -0.6374 37.0534
512  80 20.0510 -0.4409 35.0536
528  80 20.4644 -1.1196 38.9729
544  80 21.4803 -1.0717 33.7929
560  80 20.2097 -1.2313 29.2654
576  80 20.3980 -1.2867 29.3697
592  80 20.3343 -1.0182 30.6181
608  80 20.3321 -0.8759 32.5438
624  80 22.5724 -0.4616 30.9288
640  80 21.9747 -0.4722 36.1693
656  80 21.3517 -0.7050 31.7522
672  80 19.8676 -0.3511 30.3748
688  80 18.6060 -0.0480 39.4115
704  80 18.5160 -0.0047 42.8737
720  80 18.3554  0.0062 34.0289
736  80 18.0108  0.7276 28.9287
752  80 18.3805  1.2151 30.5715
768  80 14.5970  5.3634 22.7253
784  80 12.3396  9.1982 25.3177
800  80 10.5724 16.4009 25.6966
816  80  7.2789  7.2490 20.5950
832  80  4.8424  1.0684 23.0743
 16  96 -0.5577 -2.3545 38.4095
 32  96 -0.4723 -9.0928 31.0337
 48  96 -1.1937 -11.6624 34.3737
 64  96 -2.0139 -14.4801 30.3250
 80  96 -0.0682 -17.1105 35.2098
 96  96  0.4271 -17.6502 42.2291
112  96  3.0254 -17.2507 45.2387
128  96  4.8066 -17.5265 41.7789
144  96  6.3566 -18.3834 34.0563
160  96  8.7364 -16.9921 33.0173
176  96  7.2948 -13.9643 30.2657
192  96  9.2015 -11.9313 36.9173
208  96 10.8698 -9.5829 47.2123
224  96 11.3579 -8.4378 38.7781
240  96 12.6722 -5.5239 29.6673
256  96 11.7004 -4.6793 27.2632
272  96 12.7135 -3.4703 29.4111
288  96 12.4760 -1.8559 34.8596
304  96 13.4954 -1.6222 41.0289
320  96 14.3919 -1.3694 35.6571
336  96 14.7844 -1.2196 33.3244
352  96 15.7269 -1.9021 34.3640
368  96 16.3164 -1.7519 36.1625
384  96 16.4249 -1.5779 34.5988
400  96 17.0235 -1.5391 33.4046
416  96 16.6464 -1.6640 38.2408
432  96 17.3864 -1.3730 38.4737
448  96 19.1045 -1.5524 39.4003
464  96 17.7856 -2.0329 33.1448
480  96 18.3003 -1.7728 35.8622
496  96 18.4515 -1.1492 36.7527
512  96 18.4888 -0.8443 35.6142
528  96 19.1170 -1.0925 37.2734
544  96 19.0331 -1.6208 35.4738
560  96 19.0576 -1.9912 34.5189
576  96 18.6306 -1.5039 33.7106
592  96 18.9493 -0.8568 34.5210
608  96 18.3853 -0.7644 39.3577
624  96 17.8133 -0.6541 36.0729
640  96 18.3030 -0.7290 36.5519
656  96 16.8972 -0.7826 32.2711
672  96 15.4910 -0.5161 34.7378
688  96 14.9547  0.2316 34.7786
704  96 14.8981  0.5404 34.3182
720  96 14.3820  0.8018 29.9773
736  96 13.0885  1.4187 27.8643
752  96 11.5295  2.8131 28.6432
768  96 10.3279  7.1017 29.5493
784  96  8.8767 10.8453 32.8293
800  96  7.3973 15.7789 26.2430
816  96  5.2960  7.4695 20.7959
832  96  2.4100  0.1075 24.9914
 16 112 -1.2194 -3.9154 27.5910
 32 112  0.6806 -6.7133 27.1748
 48 112  0.3333 -11.9986 38.9921
 64 112 -0.1956 -13.9016 37.9079
 80 112  1.4558 -16.1475 35.6814
 96 112  2.2784 -17.8151 40.3623
112 112  3.5000 -19.1212 41.0429
128 112  5.6745 -20.8868 41.4697
144 112  5.9688 -20.2180 35.6169
160 112  7.8671 -18.2581 36.6879
176 112  8.5729 -15.3029 31.6783
192 112  7.7871 -12.6793 35.4570
208 112  9.4170 -10.5028 38.1490
224 112 10.5184 -8.0254 40.1993
240 112 11.3599 -6.4855 32.7274
256 112 12.7928 -5.1741 24.9548
272 112 12.0854 -4.3320 27.7471
288 112 10.8899 -2.8392 30.3085
304 112 11.7138 -2.1428 34.9158
320 112 12.8946 -1.7814 36.2280
336 112 13.7676 -1.6193 33.5464
352 112 15.1487 -2.4768 33.4576
368 112 15.1263 -1.8949 32.5448
384 112 15.6510 -1.7050 34.3651
400 112 16.0370 -1.7566 35.0419
416 112 16.3545 -1.9785 37.2745
432 112 16.2046 -1.9066 36.2526
448 112 17.4987 -1.7101 34.8692
464 112 16.7184 -2.0443 30.2830
480 112 17.1771 -1.5942 38.9601
496 112 15.7783 -0.9349 33.3805
512 112 16.4477 -1.2898 34.5275
528 112 17.0109 -1.3813 35.3984
544 112 17.1456 -1.4071 37.8821
560 112 17.0164 -1.6544 35.5096
576 112 17.2375 -1.4720 37.7399
592 112 17.2021 -0.8611 39.7770
608 112 16.4936 -0.9566 47.4552
624 112 15.0350 -0.7281 40.6199
640 112 14.9154  0.2482 36.9730
656 112 14.3736  0.6062 34.9680
672 112 13.9552  0.6400 37.3306
688 112 12.9282  0.7390 36.8577
704 112 12.4831  1.0654 36.3213
720 112 12.9277  1.3292 33.7929
736 112 10.9058  2.1956 30.5119
752 112  9.4258  3.6655 28.8352
768 112  6.6130  8.4494 26.0670
784 112  5.0081 13.0228 23.5953
800 112  3.1906 20.9479 25.1509
816 112  2.6961  9.8499 28.1639
832 112  1.4018  1.3840 32.8175
 16 128 -0.4068 -4.2992 35.9414
 32 128  0.3878 -6.1378 34.1283
 48 128  0.2642 -13.5742 40.5701
 64 128  0.2393 -14.7328 39.4128
 80 128  1.6643 -18.2782 30.7367
 96 128  2.4710 -19.4788 38.2183
112 128  3.4617 -19.8740 38.1396
128 128  4.6089 -18.5780 31.3646
144 128  5.7616 -21.0095 32.8821
160 128  7.3695 -18.8748 35.4253
176 128  6.9597 -16.8472 24.6087
192 128  6.9211 -11.8912 27.3236
208 128  8.5222 -11.3109 36.8533
224 128  9.9449 -9.2327 42.7737
240 128 10.4317 -8.2109 42.8692
256 128 11.2155 -7.1387 34.3719
272 128 11.1327 -4.8270 27.1807
288 128 10.9730 -3.6549 31.8859
304 128 11.5715 -2.1745 31.4106
320 128 11.9468 -1.9166 34.1470
336 128 13.2257 -1.4918 36.3831
352 128 13.6975 -1.5376 36.4531
368 128 13.5328 -1.2910 32.2511
384 128 14.5356 -0.9725 29.1131
400 128 14.6304 -1.0684 27.2012
416 128 16.2933 -1.9167 33.9977
432 128 15.3702 -1.9460 34.6968
448 128 14.7284 -1.0984 36.4938
464 128 14.6280 -1.3112 34.3875
480 128 14.9083 -1.1257 32.9491
496 128 15.0135 -1.9172 30.3625
512 128 15.7682 -1.9416 34.8138
528 128 15.0146 -1.8974 34.2502
544 128 15.5848 -1.3203 39.5385
560 128 15.5087 -1.4981 41.3257
576 128 15.7330 -1.2650 37.6556
592 128 14.5833 -0.4123 40.9319
608 128 13.8741 -0.2327 52.6914
624 128 14.5554  0.1554 37.8106
640 128 13.8311  0.0409 38.1095
656 128 12.7408  0.4378 34.6358
672 128 12.9879  0.9329 33.0450
688 128 12.0759  1.1849 38.2679
704 128 11.3884  1.6066 36.7278
720 128 10.2921  2.6861 29.8983
736 128  8.5453  2.9225 29.4815
752 128  7.2953  5.0103 26.6413
768 128  5.0963  9.4403 25.9517
784 128  4.1388 13.2931 24.6772
800 128  2.1776 20.7264 27.0367
816 128  1.5205  9.4928 28.6899
832 128  0.9084  2.7337 36.9430
 16 144 -0.0383 -3.5016 40.8531
 32 144 -0.1038 -7.0040 33.1388
 48 144 -0.0894 -13.5851 34.5619
 64 144  1.0655 -16.2632 35.5610
 80 144  1.3500 -20.1826 42.0123
 96 144  1.8135 -20.2246 41.9790
112 144  3.9903 -19.9278 42.5767
128 144  3.5042 -19.0619 36.7754
144 144  4.5556 -17.9762 31.6612
160 144  5.3219 -18.9263 28.3456
176 144  5.6254 -16.7487 26.3948
192 144  5.2276 -14.6992 30.5936
208 144  6.9909 -12.2774 39.6276
224 144  8.6913 -10.3156 44.0684
240 144  9.7629 -9.2466 42.1716
256 144 10.0180 -8.3205 43.1522
272 144 11.3857 -5.9632 37.7358
288 144 12.1641 -5.5011 35.0470
304 144 10.9726 -3.6844 31.9885
320 144 11.4446 -2.4183 33.2230
336 144 12.1131 -1.8027 34.4617
352 144 12.8335 -1.7542 36.3807
368 144 12.8299 -2.1922 32.5686
384 144 12.9988 -2.2125 28.5958
400 144 12.3594 -1.8409 29.9023
416 144 14.0412 -2.2702 31.6075
432 144 14.4233 -1.9312 31.8356
448 144 13.6616 -1.1241 34.1370
464 144 13.6133 -1.3496 33.5820
480 144 13.7173 -1.5078 31.4391
496 144 14.0380 -2.3217 32.1508
512 144 14.5457 -2.1064 32.0791
528 144 14.1057 -2.0653 33.5462
544 144 13.9728 -1.7998 33.9952
560 144 14.1817 -1.3178 37.8597
576 144 12.5428 -1.2186 37.4447
592 144 13.4048 -0.5764 45.2287
608 144 13.0051 -0.4130 41.9138
624 144 12.7707 -0.1834 35.3647
640 144 12.6597 -0.0267 34.8658
656 144 11.9095  0.4793 31.7540
672 144 11.6483  1.0759 33.0309
688 144 11.2836  1.6958 35.4038
704 144 10.1733  2.4333 31.5442
720 144  8.6788  4.3707 26.9785
736 144  8.7023  5.2916 26.5392
752 144  6.6699  6.5882 29.6576
768 144  4.4552  9.5118 29.1452
784 144  3.2664 12.4751 27.7330
800 144  1.3527 21.8561 25.1110
816 144  0.9385 10.4901 30.9882
832 144  0.8119  3.5601 33.1532
 16 160  0.0432 -1.5215 41.5843
 32 160  0.2858 -8.4575 47.0035
 48 160  0.6053 -11.6755 42.3218
 64 160  0.7983 -16.1641 34.8690
 80 160  1.0955 -19.4345 39.1067
 96 160  1.6148 -19.9562 38.9210
112 160  2.8730 -21.9946 40.0053
128 160  3.3366 -20.7327 34.7742
144 160  4.1683 -18.1419 32.7501
160 160  4.2694 -17.7041 32.1362
176 160  5.4534 -17.9177 31.1274
192 160  6.1194 -14.6608 30.9896
208 160  6.7918 -13.3371 33.5855
224 160  7.5517 -11.2758 43.2900
240 160  8.6765 -10.4169 39.0672
256 160  8.7312 -9.1935 39.4089
272 160 10.1373 -6.9140 39.3082
288 160 11.2713 -5.5637 33.1394
304 160 10.8789 -4.3451 32.9320
320 160 11.4356 -3.7850 34.3039
336 160 11.0733 -3.8161 34.7606
352 160 10.7828 -3.0777 34.6693
368 160 11.7908 -2.5982 39.9254
384 160 11.6676 -2.5978 33.9862
400 160 11.8877 -2.2550 31.7719
416 160 12.6712 -2.0747 30.9188
432 160 13.5272 -1.7970 31.0903
448 160 13.1604 -1.4050 30.9964
464 160 13.5135 -1.6160 30.1695
480 160 13.8239 -1.7871 32.8385
496 160 12.2573 -2.1162 33.1420
512 160 13.0898 -2.2617 30.7919
528 160 13.8504 -2.8740 33.0256
544 160 13.1974 -2.5156 39.0708
560 160 13.5912 -1.7344 35.8878
576 160 12.2146 -1.3892 34.0138
592 160 13.2561 -0.6900 47.9710
608 160 12.4828 -0.5806 35.1115
624 160 12.2077 -0.3037 35.3268
640 160 11.6286  0.5186 37.7519
656 160 11.4858  1.2153 37.5886
672 160 10.7237  1.3699 41.0735
688 160 10.1995  2.5057 31.9527
704 160  9.6312  3.5839 28.8799
720 160  7.5749  5.4033 25.0711
736 160  6.6786  6.6361 23.5927
752 160  5.8773  7.8309 24.2531
768 160  4.2434 11.0394 28.3023
784 160  2.0434 17.2819 27.4454
800 160  0.6781 25.1589 33.2340
816 160  0.6033 11.6007 22.4543
832 160  0.5386  4.0883 15.8339
 16 176  0.2043 -2.2030 35.7491
 32 176  0.3120 -9.1910 42.8581
 48 176  0.6476 -13.4377 38.3642
 64 176  0.5104 -17.7681 36.6395
 80 176  0.8218 -19.8159 39.8621
 96 176  1.6591 -20.6583 39.9371
112 176  2.1283 -21.7223 33.4732
128 176  2.2443 -22.2773 37.3080
144 176  1.6244 -20.9883 40.0818
160 176  3.5605 -19.2283 39.3502
176 176  5.0480 -20.0858 36.0350
192 176  7.1071 -15.7420 36.8568
208 176  6.5937 -13.8410 33.8826
224 176  6.2139 -11.9262 32.7009
240 176  8.2164 -10.2734 37.9387
256 176  8.8158 -9.2405 39.1569
272 176  9.3214 -7.5548 38.7917
288 176 10.2530 -5.7814 32.1168
304 176 10.6266 -5.6482 30.3948
320 176 10.7797 -4.8215 33.6998
336 176 10.7465 -4.2682 37.7055
352 176 10.8722 -3.7341 39.6080
368 176 11.5117 -3.6859 37.9681
384 176 11.6117 -3.3811 35.4523
400 176 11.6960 -2.3461 31.8415
416 176 11.5883 -2.0095 32.0290
432 176 12.4169 -2.2781 31.8072
448 176 11.5892 -1.6357 30.1787
464 176 12.6848 -2.0003 28.7032
480 176 13.1987 -1.9183 32.6150
496 176 11.7213 -2.1743 37.4640
512 176 11.9613 -2.0641 32.8228
528 176 12.3694 -1.9622 35.9086
544 176 12.8721 -2.0685 45.1972
560 176 13.0789 -1.6769 35.1228
576 176 11.9881 -1.2727 37.4006
592 176 11.7386 -1.0040 41.1596
608 176 11.6392 -0.4234 38.9958
624 176 11.5310 -0.0151 41.2447
640 176 10.8588  0.5560 45.9277
656 176 10.9657  1.2007 44.9139
672 176 10.3597  1.9410 44.4367
688 176 10.0426  3.1047 33.9621
704 176  9.3454  4.9089 28.7867
720 176  6.5712  5.4447 27.2900
736 176  5.9201  7.0931 24.3493
752 176  5.7113  9.1343 25.0551
768 176  4.0690 12.4569 25.8079
784 176  2.1351 18.8461 28.8077
800 176  0.5148 28.0884 34.9264
816 176  0.6571 12.8700 23.0107
832 176  0.2817  4.9992 20.5517
 16 192  0.4284 -2.5899 36.4451
 32 192  0.2432 -9.1776 38.9974
 48 192  0.5132 -11.6091 36.1453
 64 192  1.6145 -19.7783 41.6521
 80 192  1.0048 -22.0853 49.0483
 96 192  1.1689 -22.6196 45.7146
112 192  1.9394 -23.3696 38.5159
128 192  2.4751 -22.9257 33.4219
144 192  2.4944 -20.5517 31.2066
160 192  2.2470 -18.1086 35.2046
176 192  4.8116 -15.3983 33.4445
192 192  5.9939 -17.6003 28.2812
208 192  4.7062 -12.0622 28.4518
224 192  4.9049 -10.7653 28.8580
240 192  6.9814 -11.0686 36.3434
256 192  8.4029 -9.7925 43.2530
272 192  8.6850 -8.6444 38.6232
288 192  9.3629 -7.6108 34.3529
304 192 10.3423 -7.6625 39.1803
320 192 10.8189 -6.3654 34.5243
336 192 10.1000 -4.4547 32.1845
352 192 10.7903 -4.9765 33.8493
368 192 11.4871 -4.2141 31.5746
384 192 11.6093 -3.2774 35.1030
400 192 10.2730 -2.9716 37.0352
416 192 11.0317 -3.0304 37.8622
432 192 11.5711 -2.9952 37.8288
448 192 11.7438 -3.0449 39.5495
464 192 12.3548 -2.8877 37.6534
480 192 12.6122 -3.1829 35.8834
496 192 12.6062 -3.0243 37.9876
512 192 12.0177 -2.5896 34.2967
528 192 11.9589 -2.3453 35.6575
544 192 12.3845 -2.4064 38.0809
560 192 11.5257 -1.7741 37.4913
576 192 10.9925 -1.0459 34.6841
592 192 10.9399 -0.9110 38.7954
608 192 11.0377 -0.3785 48.1675
624 192 10.1965  0.2252 44.7706
640 192 10.0432  0.8411 44.8535
656 192 10.1438  1.6995 41.1688
672 192  9.6168  2.7012 34.7384
688 192  9.3424  3.2501 30.1338
704 192  7.6291  6.0831 30.2983
720 192  6.7390  6.5933 31.1643
736 192  5.9183  7.5266 28.9101
752 192  4.9763 10.0415 27.0910
768 192  3.7215 13.2277 27.1437
784 192  1.8083 18.7431 31.2615
800 192  0.1621 24.8122 28.5088
816 192  0.6280 11.0228 22.6804
832 192  0.4089  3.7814 16.7613
 16 208  0.4081 -3.7847 37.6457
 32 208  0.4582 -10.2259 38.3811
 48 208  0.5452 -13.4341 40.4532
 64 208  1.1049 -19.4526 42.8242
 80 208  0.9592 -22.8572 52.0772
 96 208  1.0580 -23.3692 43.8902
112 208  2.0124 -23.8624 35.4571
128 208  2.4417 -23.4513 37.1486
144 208  2.5118 -22.1140 30.5243
160 208  2.8313 -19.2436 34.3110
176 208  4.0812 -16.2829 31.8500
192 208  2.9422 -13.5758 24.7499
208 208  4.2530 -12.3077 25.3029
224 208  4.6990 -11.6105 30.1387
240 208  6.1336 -12.3750 29.1777
256 208  7.6734 -10.4506 39.5453
272 208  8.8700 -8.3960 43.0342
288 208  9.6824 -7.6963 41.5297
304 208 10.0798 -7.1510 39.2159
320 208  9.9817 -6.2687 33.3709
336 208 10.1035 -5.2292 27.0718
352 208 10.1114 -4.5221 32.0015
368 208 10.7416 -3.9660 35.1554
384 208 10.3048 -4.0900 39.4712
400 208 10.3832 -3.9214 41.1567
416 208 11.6656 -3.5868 38.8721
432 208 11.4384 -3.5632 36.7864
448 208 12.2047 -3.6076 40.9817
464 208 12.0258 -3.0323 37.1269
480 208 12.2347 -2.9045 39.8386
496 208 12.0481 -3.5822 34.8105
512 208 12.0441 -3.5794 32.6954
528 208 11.7164 -3.2087 31.3373
544 208 11.5775 -2.6275 34.6232
560 208 11.0072 -1.7873 35.3104
576 208 10.9107 -0.7656 33.9885
592 208 10.4462 -0.5057 41.4962
608 208 10.4338 -0.0711 47.1177
624 208  9.9079  0.4161 43.2826
640 208  9.7930  1.6702 42.5207
656 208  9.5808  2.7660 34.8648
672 208  8.1725  3.1623 33.8935
688 208  7.5111  3.9507 28.8533
704 208  7.1751  7.0401 32.3125
720 208  6.3425  7.5205 29.7882
736 208  4.9221  7.9988 24.7801
752 208  3.0364  9.3919 26.9527
768 208  2.7773 12.6533 27.5027
784 208  1.0201 20.7406 33.7483
800 208  0.6506 26.0470 29.0052
816 208  0.9581 11.8193 14.9093
832 208  0.5032  3.5306 13.9602
 16 224  0.1567 -4.0885 32.0106
 32 224  0.6589 -11.3776 37.9640
 48 224  0.7082 -14.4540 35.4166
 64 224  1.4218 -19.2135 36.7025
 80 224  1.8524 -22.6061 41.4678
 96 224  1.3297 -24.2027 34.7077
112 224  1.0095 -23.5305 31.2831
128 224  0.8994 -23.5971 38.0489
144 224  1.6925 -23.1733 36.8433
160 224  3.1963 -20.9254 34.7586
176 224  3.9375 -18.7251 34.3181
192 224  6.1749 -19.5562 33.5138
208 224  7.3685 -16.1782 31.1104
224 224  4.3631 -12.4253 32.1455
240 224  5.8840 -12.5047 25.0593
256 224  8.4301 -9.8125 37.9141
272 224  9.5929 -8.9539 41.0577
288 224  9.2783 -8.2206 41.1732
304 224  9.1165 -7.5119 41.1025
320 224  8.9144 -6.4005 27.7133
336 224  9.7246 -4.3064 26.3886
352 224  9.6161 -3.1691 37.3750
368 224  9.3567 -4.2955 38.3846
384 224 11.8992 -5.2823 37.6064
400 224 10.9450 -4.2028 39.2516
416 224 11.7163 -3.6506 39.3510
432 224 11.0134 -3.8404 37.8147
448 224 11.7396 -4.3605 37.3982
464 224 11.7581 -3.8822 29.9681
480 224 11.7910 -3.1359 37.3251
496 224 10.6264 -2.9927 33.5466
512 224 11.2569 -2.7505 32.7048
528 224 11.2444 -2.2309 33.0594
544 224 11.1189 -2.2521 35.9904
560 224 10.5362 -2.0310 39.0864
576 224 10.5301 -1.1457 36.9004
592 224 10.0619 -0.6673 43.8647
608 224  9.9514  0.0813 44.8645
624 224  9.4936  0.6567 38.8531
640 224  9.3858  1.6124 36.3748
656 224  8.9837  2.2820 31.1590
672 224  7.9005  2.7000 34.9179
688 224  7.3011  3.4817 31.4891
704 224  6.4021  6.4418 27.2836
720 224  4.8491  8.3349 27.0518
736 224  3.8417  9.1562 26.3942
752 224  3.3654 11.1943 31.1131
768 224  2.5835 14.2922 30.3406
784 224  1.2632 22.6490 33.4507
800 224  0.2423 28.9020 31.0049
816 224  0.4523 13.0969 15.3763
832 224  0.2113  4.0076 17.2315
 16 240 -0.0287 -3.9357 33.4024
 32 240  0.7980 -11.3498 38.6894
 48 240  1.2058 -16.4506 38.5827
 64 240  1.7480 -19.9802 46.1269
 80 240  2.6182 -22.3103 46.6265
 96 240  2.2291 -23.7165 41.5313
112 240  1.4989 -24.5115 35.0165
128 240  1.1032 -23.6889 34.5636
144 240  1.6463 -22.5797 33.7497
160 240  2.0531 -21.5973 36.4492
176 240  2.2998 -19.8992 36.6577
192 240  4.6808 -18.0246 34.9101
208 240  6.5873 -15.8764 34.1209
224 240  4.9147 -12.4799 33.1737
240 240  6.1337 -13.4102 37.9577
256 240  7.7812 -11.2869 44.3144
272 240  9.4012 -10.0110 40.9836
288 240  8.7272 -9.3256 39.6451
304 240  9.0971 -8.7659 42.9302
320 240  8.2530 -8.1914 36.9147
336 240 10.3475 -5.6671 43.0751
352 240  9.9021 -4.9895 37.1184
368 240 10.9436 -5.5824 37.4274
384 240 11.3995 -5.6430 37.3135
400 240 11.4512 -5.3328 35.9294
416 240 11.2694 -4.6491 34.6255
432 240 10.0776 -4.5407 33.7483
448 240 11.0140 -4.4792 34.6665
464 240 11.0334 -4.2825 28.7828
480 240 10.9504 -3.1204 33.0780
496 240 10.6216 -2.9475 32.4008
512 240 10.9670 -3.5955 30.7563
528 240 11.0519 -2.7856 37.3881
544 240 10.6463 -2.1061 42.3289
560 240 10.0255 -1.8271 39.0430
576 240  9.6178 -1.6119 35.7071
592 240  9.3367 -1.1239 39.2206
608 240  9.2128  0.3725 38.8008
624 240  9.0708  1.0071 34.6332
640 240  9.1357  1.9889 31.5526
656 240  8.6506  2.8257 29.6478
672 240  7.9921  3.5112 27.4104
688 240  6.9221  4.4212 25.6734
704 240  4.6617  6.6946 24.6618
720 240  4.1999  8.3545 28.4813
736 240  4.0207 10.0538 26.4643
752 240  3.4790 11.9646 26.6989
768 240  1.4182 15.0507 26.0583
784 240  1.0998 20.8653 30.1322
800 240  0.7839  9.9624 27.8413
816 240  0.4485  4.5229 22.9035
832 240  0.1308  1.4269 24.3507
 16 256 -0.0145 -6.0088 36.4290
 32 256  0.4927 -10.6836 37.6891
 48 256  1.6082 -17.6388 43.0686
 64 256  1.6129 -19.9352 45.0928
 80 256  2.5519 -23.6354 32.8021
 96 256  2.8792 -25.6078 43.3308
112 256  2.1620 -25.9218 44.8596
128 256  2.4815 -24.1423 29.8362
144 256  1.7177 -23.3035 38.5812
160 256  1.6157 -23.1520 45.0135
176 256  2.7028 -20.1638 31.4221
192 256  3.7780 -17.7017 32.9892
208 256  4.1982 -16.6838 33.5112
224 256  5.5306 -14.2894 24.8538
240 256  7.0081 -12.6504 39.6066
256 256  7.3365 -12.1753 46.1620
272 256  7.2912 -9.6077 35.2484
288 256  7.8303 -9.2019 35.7335
304 256  9.3980 -8.6395 33.5945
320 256  9.2969 -7.6528 37.8627
336 256 10.4348 -5.4704 38.1863
352 256 10.3898 -5.4507 34.3473
368 256 10.4434 -5.8892 30.8165
384 256 10.7883 -5.9381 37.5640
400 256 10.7154 -6.0487 37.5458
416 256 11.7679 -6.5038 37.1579
432 256 11.2136 -5.2769 31.1594
448 256 10.5481 -4.3614 31.5664
464 256 10.2779 -3.5644 31.8209
480 256 10.4770 -2.7210 31.6483
496 256 10.6059 -3.0719 30.4371
512 256 10.5801 -3.6699 27.4432
528 256 10.0439 -2.8106 30.1496
544 256  9.6628 -2.1653 38.5765
560 256  9.1784 -1.5393 36.6817
576 256  9.0423 -1.2434 36.5121
592 256  8.8225 -0.7330 38.4373
608 256  8.7976  0.6784 37.5052
624 256  8.9194  1.2383 36.0948
640 256  8.7341  2.2402 31.6126
656 256  8.0162  3.9438 25.5709
672 256  6.9958  4.5943 21.3047
688 256  5.1586  5.5652 22.3524
704 256  4.8821  7.2314 25.3563
720 256  4.2296  8.4356 25.3465
736 256  3.1116  9.9754 26.9293
752 256  2.6053 11.7621 28.8855
768 256  1.5158 15.9890 30.4617
784 256  0.9397 22.4665 34.2337
800 256  0.2194 31.4269 34.5115
816 256 -0.2510 14.3263 24.2943
832 256  0.0604  4.9008 19.8131
 16 272 -0.0979 -7.1463 31.1322
 32 272  0.0493 -12.2376 36.8542
 48 272  0.6287 -17.0488 41.5465
 64 272  0.7606 -20.0354 38.7813
 80 272  1.4678 -21.1808 34.6940
 96 272  2.1651 -23.2892 46.3989
112 272  2.5392 -25.9093 43.8832
128 272  2.9019 -25.5312 34.8733
144 272  2.0610 -23.6398 36.6327
160 272  1.9986 -23.5194 39.0757
176 272  3.1448 -22.0187 33.3956
192 272  4.0616 -18.3707 31.2538
208 272  5.1545 -18.5405 30.2524
224 272  7.0652 -15.4117 30.2885
240 272  5.6472 -13.7879 33.8212
256 272  7.1342 -11.9032 33.4250
272 272  7.1754 -11.0786 37.9431
288 272  7.5753 -10.5113 41.8581
304 272  8.0487 -9.5677 40.5874
320 272  9.4175 -8.4573 43.5520
336 272 10.2852 -7.9123 37.3346
352 272  9.7263 -6.8269 35.3134
368 272  9.8168 -6.4257 34.2392
384 272 10.4205 -6.0279 31.3321
400 272 10.4288 -5.9995 34.5873
416 272 11.1722 -5.7895 37.1972
432 272 10.5598 -4.8849 29.2496
448 272 10.3747 -4.7269 27.8985
464 272  8.7770 -4.5699 22.5918
480 272 10.3955 -3.9673 28.6583
496 272 10.4197 -3.7288 30.9313
512 272  9.9474 -3.2547 31.9795
528 272  9.2554 -2.1522 32.7920
544 272  9.2842 -1.8870 34.5582
560 272  8.6824 -1.2754 34.1103
576 272  8.4617 -0.7779 34.6688
592 272  8.6147 -0.1685 38.5739
608 272  7.7467  0.6168 36.8843
624 272  7.8762  1.5126 33.0239
640 272  7.2295  2.6213 29.2460
656 272  6.6522  3.9899 23.6853
672 272  4.6441  5.6315 18.1368
688 272  4.5592  6.0477 19.6435
704 272  4.5241  8.2350 25.7633
720 272  2.9099  8.9528 30.4983
736 272  2.2166 10.4559 30.9597
752 272  2.3775 12.2515 31.5025
768 272  1.9688 14.9300 30.0653
784 272  1.3060 20.3186 31.7819
800 272  0.8450  8.5492 28.1767
816 272  0.2402  4.0466 25.6431
832 272  0.4717  1.1977 20.4927
 16 288  0.0790 -6.4026 37.2859
 32 288  0.0421 -13.1288 45.3692
 48 288  1.1539 -17.3233 43.1751
 64 288  1.0536 -19.4999 39.2070
 80 288  1.6650 -24.5796 38.9190
 96 288  2.5207 -24.7435 52.8129
112 288  1.0796 -23.3965 37.9254
128 288  5.4788 -28.8838 31.2554
144 288  2.4393 -23.6032 40.2976
160 288  2.8733 -24.2857 39.8700
176 288  3.4245 -22.8537 35.8696
192 288  3.6704 -19.0588 32.2592
208 288  5.5004 -18.6054 28.9731
224 288  4.0418 -12.4791 31.4156
240 288  4.8597 -11.8184 32.6715
256 288  6.5596 -12.5903 35.1661
272 288  6.7971 -10.4848 34.1953
288 288  7.6425 -10.2738 38.3807
304 288  8.3898 -9.4091 45.3940
320 288  9.0619 -8.2664 43.2155
336 288  9.7773 -7.2141 42.1302
352 288  9.7219 -7.0620 44.7046
368 288  9.6683 -6.6658 38.9413
384 288 10.5568 -5.4353 29.7374
400 288 11.7859 -5.8695 33.5650
416 288 11.3828 -5.1809 34.4464
432 288 11.1714 -5.0370 30.3708
448 288 11.1840 -5.3116 29.8988
464 288  8.8621 -4.6754 22.4076
480 288 10.0597 -3.6679 30.5434
496 288  9.9305 -3.2681 35.7711
512 288  9.3946 -2.5578 37.1123
528 288  9.3405 -1.6737 36.3429
544 288  9.3088 -1.2458 34.8383
560 288  8.6026 -1.1704 36.7969
576 288  8.0850 -0.7605 39.5630
592 288  7.9908  0.3535 38.0361
608 288  7.4898  0.9028 31.9544
624 288  7.4162  1.5920 32.1647
640 288  6.3892  2.7695 26.4749
656 288  4.0914  5.4597 21.0211
672 288  3.6503  6.9729 22.6783
688 288  3.9763  7.1847 24.5263
704 288  3.0750  7.9940 29.1064
720 288  2.1379  9.6367 34.5499
736 288  2.1826 10.6670 34.2963
752 288  2.5051 12.5025 32.7666
768 288  1.6017 16.0704 27.9019
784 288 -0.1252 26.9471 30.5805
800 288 -0.9018 32.8055 27.8876
816 288 -0.2534 16.6104 28.7774
832 288  0.1659  4.6989 24.4399
 16 304  0.2548 -4.4515 32.2487
 32 304  0.2485 -12.2262 38.2849
 48 304  1.7924 -15.7771 34.4267
 64 304  1.2257 -20.2114 41.4846
 80 304  1.6259 -22.3927 37.5893
 96 304  3.3253 -25.3545 34.6892
112 304  3.6020 -27.8728 34.6596
128 304  5.1904 -28.0054 25.9495
144 304  5.4843 -28.5618 28.2612
160 304  3.9314 -21.5626 22.0464
176 304  3.8160 -19.9286 23.4581
192 304  3.3827 -19.6355 23.1027
208 304  5.7263 -18.8225 25.1474
224 304  6.0890 -18.1627 28.0477
240 304  7.8790 -15.2301 25.3133
256 304  6.8142 -11.8848 32.3779
272 304  6.8494 -10.4797 40.9685
288 304  7.7437 -9.8875 42.6760
304 304  8.2467 -8.0935 41.3243
320 304  8.3817 -7.2009 39.3145
336 304  9.2401 -6.6145 39.2833
352 304  9.6957 -6.3911 40.4596
368 304  9.6189 -6.0248 28.9436
384 304 10.0678 -6.1095 27.2881
400 304 11.0153 -6.6464 32.0259
416 304 11.2008 -5.3497 31.4749
432 304 10.3458 -5.4342 32.5032
448 304 10.3293 -6.2817 32.0438
464 304 10.4087 -5.2790 28.1543
480 304  8.9017 -3.2113 30.9652
496 304  8.6612 -2.7944 38.1035
512 304  8.4439 -2.6270 35.7070
528 304  8.9210 -1.8150 33.9740
544 304  8.2886 -1.1750 33.6958
560 304  7.1875 -0.9541 33.4562
576 304  6.8832 -0.3845 34.6683
592 304  7.2407  0.8803 32.6940
608 304  7.2680  1.2285 29.8389
624 304  6.5392  1.6479 27.7083
640 304  4.7394  3.8451 23.6911
656 304  4.7329  5.7733 23.1769
672 304  4.1237  7.2556 26.5957
688 304  3.6891  7.6493 26.3631
704 304  2.5955  8.6952 31.9761
720 304  1.8993 10.1694 32.8562
736 304  1.9702 11.7825 29.8682
752 304  1.8689 13.3763 29.5795
768 304  1.0140 16.9858 28.1183
784 304  0.0267 26.4217 25.6592
800 304 -0.4625 31.5846 30.0133
816 304  0.3257 13.4597 25.8823
832 304 -0.0692  5.9720 13.2025
 16 320  0.1062 -3.1039 36.4365
 32 320  1.0462 -13.5516 31.1199
 48 320  1.0622 -17.5464 35.7164
 64 320  2.0324 -20.3952 50.4952
 80 320  3.0744 -23.1255 47.9379
 96 320  3.6491 -24.7168 36.1992
112 320  3.2815 -25.7530 34.6285
128 320  3.9587 -26.2338 36.8382
144 320  5.6877 -28.6570 29.3990
160 320  5.7316 -28.2161 22.1872
176 320  4.4033 -22.2965 22.3141
192 320  5.8162 -23.7870 23.2793
208 320  6.1364 -21.3680 28.7824
224 320  6.9404 -18.7545 34.0863
240 320  8.0130 -17.0042 32.5820
256 320  7.0440 -12.7333 33.2922
272 320  6.9019 -10.7500 36.7940
288 320  7.6633 -9.2449 40.8057
304 320  7.7296 -7.6419 32.6528
320 320  7.6127 -7.0007 34.7669
336 320  8.2747 -6.6533 33.9774
352 320  9.3372 -7.1881 36.1665
368 320  9.3081 -7.3219 30.7248
384 320  9.7204 -6.1945 27.8875
400 320  9.6621 -5.8783 31.9796
416 320  9.6695 -5.6993 32.6185
432 320  9.6787 -5.4997 31.7434
448 320  9.5770 -5.4460 29.4848
464 320  8.5261 -4.8464 28.2106
480 320  8.3681 -3.3069 33.5017
496 320  8.0604 -3.3389 37.1592
512 320  7.5273 -2.6934 35.9096
528 320  7.5517 -1.9776 36.7887
544 320  7.3375 -1.2056 37.2273
560 320  6.7012 -0.5857 31.8739
576 320  6.1467  0.2073 33.8723
592 320  5.7953  0.9514 31.3230
608 320  4.5727  2.1758 29.1806
624 320  3.9384  2.6439 27.9690
640 320  4.2034  4.5118 24.0369
656 320  5.3317  6.9182 26.1182
672 320  3.8449  7.6705 32.6501
688 320  2.9448  8.2054 32.1645
704 320  2.9184  9.3121 35.1091
720 320  2.5085  9.9525 36.2101
736 320  2.2511 12.5110 30.0810
752 320  1.7670 14.1454 27.7047
768 320  0.5835 21.5217 31.5505
784 320 -0.0668 28.4708 26.7383
800 320  0.2089 13.5103 26.2213
816 320 -0.1985  6.3507 18.8525
832 320 -0.3043  3.7669 17.4043
 16 336  0.0854 -2.8936 41.4743
 32 336  1.5525 -14.5303 27.3279
 48 336  1.4607 -18.8434 33.5010
 64 336  2.6638 -22.2640 49.5623
 80 336  3.6388 -24.0673 41.1258
 96 336  3.0930 -25.5127 37.2842
112 336  3.9552 -25.4011 38.5954
128 336  3.1602 -23.6260 36.0043
144 336  3.8096 -23.0270 22.1244
160 336  6.3967 -28.5572 22.3224
176 336  3.9080 -23.7203 29.9734
192 336  6.3528 -24.2385 33.2814
208 336  6.0337 -21.8462 32.7380
224 336  6.6851 -18.2610 35.8590
240 336  7.1607 -17.0380 31.5328
256 336  7.9407 -12.4654 34.2404
272 336  6.4510 -10.8130 26.5533
288 336  6.6858 -8.8832 30.7742
304 336  7.0887 -7.5692 31.9164
320 336  7.4335 -7.7293 37.9358
336 336  7.2586 -7.8990 40.0296
352 336  8.6082 -7.7858 38.7888
368 336  8.4215 -7.1048 32.8591
384 336  7.9861 -5.9970 29.2659
400 336  8.5185 -5.3860 28.7277
416 336  9.3854 -5.3674 30.2857
432 336  9.1834 -5.0066 27.1387
448 336  7.5435 -4.2923 29.7738
464 336  7.1728 -4.0673 27.8478
480 336  7.6501 -3.0487 31.6898
496 336  7.9684 -2.7034 35.3186
512 336  7.4808 -2.3614 36.6859
528 336  6.8234 -2.1176 36.5095
544 336  6.6751 -1.4086 37.7546
560 336  5.8844 -0.5792 31.8501
576 336  5.7490  0.4676 34.1759
592 336  4.7701  0.9059 29.8248
608 336  3.8439  2.0494 30.6278
624 336  3.2868  3.3047 30.9622
640 336  3.1152  5.8766 25.9518
656 336  3.0732  6.8363 28.2920
672 336  2.0726  7.0475 38.3917
688 336  2.2729  8.0431 40.6281
704 336  2.7909  9.5340 39.6904
720 336  1.8347  9.9721 40.9593
736 336  1.2701 11.8254 37.8323
752 336  1.5848 13.9767 31.1017
768 336  0.5955 21.3777 29.8446
784 336 -0.2240 26.4102 25.6847
800 336 -0.0927 13.3173 21.7265
816 336 -0.6678  9.9336 14.0203
832 336 -0.2189  5.3690 16.8427
 16 352  0.5844 -8.0690 30.7786
 32 352  0.5172 -14.1947 36.2251
 48 352  1.2221 -19.0833 45.5114
 64 352  2.5721 -22.4060 37.2718
 80 352  3.5715 -24.1179 35.4390
 96 352  2.8901 -24.4154 38.6693
112 352  5.0933 -27.2322 31.1531
128 352  3.1258 -23.8683 32.6302
144 352  3.2870 -23.8336 27.3467
160 352  5.8227 -30.3064 29.0295
176 352  3.2591 -23.9996 36.3521
192 352  5.3130 -24.7595 31.2614
208 352  5.5504 -22.8896 32.4645
224 352  5.8936 -20.0535 30.4131
240 352  5.9676 -16.3651 27.6088
256 352  5.9803 -13.3049 33.4457
272 352  6.3201 -10.2053 34.0237
288 352  5.8092 -9.0796 31.0479
304 352  6.5178 -7.6546 34.9355
320 352  6.7536 -7.5431 39.7060
336 352  6.9602 -7.3597 39.8794
352 352  7.6940 -6.6584 31.3591
368 352  6.8989 -7.0699 35.0259
384 352  7.3181 -6.2270 33.7481
400 352  7.1795 -5.2166 28.9167
416 352  8.5925 -5.4691 31.4991
432 352  8.6972 -5.2401 28.6795
448 352  6.7022 -4.3021 28.0608
464 352  6.7155 -3.3759 27.5970
480 352  6.1485 -3.1384 26.7833
496 352  6.4970 -2.6050 29.1929
512 352  6.1614 -2.3022 28.9120
528 352  5.8546 -1.8519 32.9229
544 352  5.2990 -0.7518 34.2397
560 352  5.0269 -0.3427 32.1294
576 352  4.7294  0.2169 30.0046
592 352  4.2341  1.2446 29.8222
608 352  3.9767  1.9890 30.0352
624 352  3.3264  3.8146 28.3949
640 352  2.5788  5.4121 26.1604
656 352  2.6113  5.9637 25.7835
672 352  2.4559  6.7785 33.4927
688 352  2.2711  7.9693 41.4612
704 352  2.1023  9.2698 38.0593
720 352  1.4336 10.2848 35.1542
736 352  1.2945 12.3664 35.1274
752 352  0.5939 15.3188 30.7549
768 352  0.4321 21.1263 34.4670
784 352 -0.5458 25.4945 29.6473
800 352 -0.4323 13.2477 32.8268
816 352 -0.6464  9.5696 29.4215
832 352  0.1633  4.0007 17.1028
 16 368  0.5250 -8.8513 36.0736
 32 368  0.1763 -11.5120 34.1959
 48 368  1.5987 -18.4513 34.9197
 64 368  3.4070 -22.3429 39.0446
 80 368  5.8960 -26.9732 37.5378
 96 368  3.9470 -22.5607 37.1882
112 368  6.7891 -28.3117 44.9262
128 368  6.3683 -28.6501 40.0820
144 368  5.7795 -30.1261 32.3777
160 368  5.6953 -30.2249 34.5117
176 368  3.2055 -23.5929 38.0531
192 368  3.1910 -23.3043 31.9304
208 368  5.4169 -22.4172 31.4995
224 368  5.6375 -21.1049 27.5159
240 368  3.6748 -14.3358 25.8091
256 368  4.5979 -12.8619 29.0425
272 368  5.5385 -10.4109 28.4574
288 368  5.6335 -9.4026 29.4453
304 368  5.6806 -8.1596 30.1811
320 368  4.7779 -7.2306 24.7692
336 368  6.0249 -4.9590 23.7502
352 368  7.0564 -4.8949 24.7468
368 368  6.3032 -6.8193 29.9995
384 368  7.0887 -6.1973 30.9960
400 368  8.1610 -4.5329 30.7899
416 368  7.3316 -4.5329 32.1269
432 368  6.8384 -5.0522 29.5077
448 368  6.1052 -4.7118 27.4236
464 368  6.3152 -3.9882 28.2028
480 368  5.1136 -3.3729 26.1404
496 368  4.6344 -2.2258 26.2945
512 368  4.7968 -1.8206 27.5338
528 368  4.9661 -1.6374 31.0823
544 368  4.4152 -0.6029 36.1143
560 368  4.4909  0.0938 35.7695
576 368  4.2735  0.4552 31.9834
592 368  3.9642  1.5359 30.7715
608 368  3.7453  2.5016 29.6419
624 368  2.3775  3.4486 30.4373
640 368  2.4585  5.0819 28.2246
656 368  2.7168  6.5472 28.6800
672 368  2.3541  7.8856 34.4582
688 368  1.8240  8.8799 38.0972
704 368  1.6591  9.8479 36.6495
720 368  1.2718 10.4588 36.9517
736 368  1.2530 12.3618 36.5234
752 368  0.8458 16.7958 30.1319
768 368  0.7451 21.2817 33.0767
784 368 -0.6626 32.2247 28.1051
800 368 -1.1424 16.0265 30.7017
816 368 -1.0109  9.3691 25.4791
832 368 -1.1030  4.6010 21.0037
 16 384 -0.2535 -7.5326 39.1475
 32 384  0.4256 -10.9436 31.4812
 48 384  3.1974 -18.1055 25.3367
 64 384  3.7356 -21.7277 34.4606
 80 384  7.0331 -28.2416 41.8616
 96 384  4.8199 -25.5667 35.6271
112 384  5.9354 -24.1138 20.2238
128 384  6.6808 -27.6361 33.3936
144 384  6.3563 -29.9365 34.6766
160 384  5.7166 -31.2868 33.8887
176 384  5.1878 -29.1251 27.7526
192 384  3.7629 -26.9884 31.9095
208 384  3.7848 -22.6646 34.6651
224 384  3.5318 -18.6205 32.8563
240 384  2.1769 -14.3903 32.2037
256 384  2.7851 -13.1040 33.7939
272 384  3.2644 -11.9079 30.5342
288 384  3.8289 -8.6220 26.9274
304 384  3.9341 -8.1469 28.4538
320 384  3.8130 -8.7531 28.0503
336 384  4.7990 -8.0083 27.8749
352 384  6.1606 -6.1993 31.8922
368 384  5.1570 -6.0873 20.7929
384 384  4.4308 -4.5162 25.0683
400 384  6.2751 -3.8214 30.2306
416 384  6.4824 -3.4576 30.6467
432 384  5.3290 -3.6163 27.6468
448 384  5.5186 -3.4800 25.2306
464 384  6.1758 -3.4083 29.0878
480 384  4.5894 -2.7964 29.1817
496 384  4.8057 -2.3085 27.9640
512 384  4.6981 -1.8061 28.3679
528 384  3.7055 -1.2057 37.7292
544 384  3.6424 -0.6673 42.6246
560 384  4.0277 -0.0082 36.5510
576 384  3.8814  1.0023 31.2765
592 384  2.8883  2.2763 32.1682
608 384  3.1246  3.1262 32.5434
624 384  2.7688  3.6109 30.4974
640 384  3.4041  4.3397 28.2164
656 384  2.3203  5.0512 25.7178
672 384  1.3157  7.9940 32.1433
688 384  1.1906  8.9564 35.5736
704 384  1.4045  9.3083 39.4084
720 384  1.0659 10.7383 41.8072
736 384  0.6557 12.4760 36.5023
752 384  1.1575 16.6691 27.3379
768 384  0.5746 23.5434 28.9970
784 384  0.0061 14.6099 31.0960
800 384 -0.4258  9.9097 30.5068
816 384 -0.1570  7.4970 19.3648
832 384 -0.7006  6.2611 25.6248
 16 400 -0.4848 -8.6430 36.4396
 32 400  0.7219 -13.6316 35.2323
 48 400  1.3763 -17.2152 34.8287
 64 400  3.8689 -21.0497 24.3807
 80 400  7.8479 -26.0258 36.4515
 96 400  8.2256 -26.1234 41.4883
112 400  6.5314 -28.8840 39.5661
128 400  7.5105 -29.3512 41.1006
144 400  6.8301 -29.7977 25.7361
160 400  3.8529 -27.1936 18.5691
176 400  3.2408 -29.3570 30.8706
192 400  2.9580 -27.3156 33.9335
208 400  2.7559 -23.0146 29.9601
224 400  1.4257 -16.4721 29.1465
240 400  0.7401 -15.8183 38.0334
256 400  1.3159 -12.7620 39.8416
272 400  1.2777 -11.1784 38.8968
288 400  1.3568 -9.6888 37.3661
304 400  1.8371 -7.8769 34.7867
320 400  2.3347 -7.2677 30.6143
336 400  3.1605 -7.4334 29.0321
352 400  3.8043 -6.5844 30.5914
368 400  4.0796 -5.6828 26.1621
384 400  4.0812 -5.0493 27.0196
400 400  5.0488 -4.6904 25.0826
416 400  5.5161 -3.9673 24.5512
432 400  4.7782 -4.0600 23.8881
448 400  4.8916 -3.9090 24.7307
464 400  4.4154 -2.8011 27.5512
480 400  3.1162 -2.1956 30.7761
496 400  3.9948 -2.2406 32.0095
512 400  4.0382 -1.6417 30.8544
528 400  3.3402 -0.6770 42.7876
544 400  3.0375 -0.1068 41.3074
560 400  2.6524  0.4140 37.3114
576 400  2.4018  1.0291 36.8766
592 400  2.0127  2.5279 34.4912
608 400  1.7951  3.4730 32.3998
624 400  2.2980  3.9240 31.0336
640 400  2.7103  4.9457 31.5963
656 400  1.0967  5.4130 30.9202
672 400  1.2462  7.6584 32.6851
688 400  1.2517  8.7959 35.7734
704 400  0.7497  9.3464 43.6074
720 400  0.7661 11.1699 36.9885
736 400  0.8113 13.0855 30.2739
752 400  0.4106 16.0290 30.2108
768 400 -0.2512 22.9275 32.0163
784 400 -0.5735 33.7753 31.5401
800 400 -0.2517 19.0234 24.1930
816 400 -0.1225  9.2332 29.0409
832 400 -0.1506 -0.4629 28.8051
 16 416 -0.1559 -7.1317 33.4037
 32 416  1.4606 -13.5085 37.2354
 48 416  1.9117 -17.0054 37.8473
 64 416  4.4030 -22.0349 33.7748
 80 416  8.6898 -26.9783 42.6637
 96 416  8.8546 -27.3874 48.0717
112 416  6.7120 -26.8701 32.9526
128 416  7.1674 -28.2470 34.6130
144 416  5.6148 -31.0847 36.7811
160 416  2.7602 -28.3440 45.5208
176 416  1.8247 -27.0495 35.6755
192 416  1.4944 -25.4267 34.4147
208 416  1.1009 -23.4406 41.9812
224 416 -0.3378 -18.9584 40.9478
240 416  0.1748 -16.1528 36.7607
256 416  0.2983 -12.9249 37.8909
272 416 -0.1878 -10.8001 38.9910
288 416 -0.2029 -9.8816 37.4836
304 416  1.2637 -8.6986 38.4160
320 416  1.7038 -7.5737 35.2791
336 416  2.1065 -6.5081 31.5483
352 416  3.0885 -5.6048 28.9598
368 416  3.4399 -5.4058 27.4053
384 416  3.6548 -6.0879 25.7177
400 416  4.5715 -5.6108 21.0386
416 416  4.2943 -4.0326 26.5896
432 416  4.0399 -3.7656 27.5148
448 416  4.0282 -3.9826 28.1410
464 416  3.1853 -3.1243 29.6705
480 416  2.9854 -2.1836 31.5084
496 416  2.9329 -1.9088 37.8808
512 416  2.7120 -1.1353 42.5209
528 416  2.5311 -0.7068 47.9388
544 416  2.3143  0.0555 46.4553
560 416  2.0173  0.7010 41.8545
576 416  1.9307  1.1937 38.5233
592 416  1.9145  2.2280 35.7604
608 416  1.8305  2.9745 32.7978
624 416  1.9666  4.0849 33.2968
640 416  0.4869  5.3225 31.5252
656 416  0.7218  5.7423 28.5340
672 416  0.8591  7.0778 31.7235
688 416  0.9804  9.0444 37.3130
704 416  0.7943 10.0881 43.3087
720 416  0.7249 10.5050 37.8215
736 416  0.9674 12.1763 31.2778
752 416 -0.0067 15.7998 30.9191
768 416 -1.0890 21.3600 26.7901
784 416 -0.6784 14.5270 21.3133
800 416 -0.4648 10.8128 22.0474
816 416  0.1673  8.6001 28.9131
832 416  0.1169  8.3642 22.0743
 16 432  0.6455 -4.0265 30.3491
 32 432  1.8964 -15.7904 30.8803
 48 432  2.9367 -20.2295 40.8817
 64 432  4.2359 -22.4450 39.8563
 80 432  6.9412 -24.4059 28.1836
 96 432  6.3466 -24.8109 25.9808
112 432  7.7291 -26.8644 36.0600
128 432  7.0875 -28.8444 35.6030
144 432  5.2826 -29.2105 33.0261
160 432  1.0785 -24.4834 39.6714
176 432  0.9773 -26.9149 40.2517
192 432  0.8574 -27.5834 43.8906
208 432 -1.3585 -21.0973 34.6067
224 432 -3.0779 -16.0117 26.9843
240 432 -0.1701 -14.3355 27.9865
256 432 -1.8890 -12.6048 34.1630
272 432 -1.8814 -11.3625 34.0563
288 432 -1.0545 -10.0277 33.7117
304 432 -0.4829 -8.3978 35.1694
320 432  0.5190 -6.6398 34.2065
336 432  0.7863 -6.2323 33.3528
352 432  2.3966 -6.0822 31.8564
368 432  2.5039 -5.7664 31.7706
384 432  2.2143 -5.7101 33.3090
400 432  2.5560 -5.5668 26.8449
416 432  3.4064 -4.5925 29.3611
432 432  3.3086 -4.5091 31.5786
448 432  2.7680 -4.0748 33.6759
464 432  2.1341 -2.8023 36.4069
480 432  2.4742 -2.7180 35.6168
496 432  2.0275 -2.0013 40.6520
512 432  1.4167 -1.0541 46.8564
528 432  1.2339 -0.7165 49.8165
544 432  1.1458  0.0856 48.1452
560 432  1.5387  0.7466 45.7150
576 432  1.2665  1.4352 44.3301
592 432  1.3423  2.2216 39.5386
608 432  1.7554  2.9338 34.3895
624 432  1.6290  3.6672 37.4842
640 432  0.6585  4.7163 33.1777
656 432  0.6832  6.2350 30.9945
672 432  0.3126  7.4331 30.7798
688 432  0.6048  9.0189 39.1496
704 432  0.9346  9.6915 45.0652
720 432  0.6624 11.4613 46.2437
736 432  0.4690 13.5009 38.2375
752 432 -0.1555 16.8496 31.5129
768 432 -0.9191 24.0149 22.6987
784 432 -2.4456 34.5988 23.8645
800 432 -1.6774 17.6722 24.8944
816 432 -0.5667  8.3799 31.3864
832 432  0.0616  0.4154 28.6865
 16 448  0.7492 -4.7822 27.2020
 32 448  3.2374 -14.6256 30.2547
 48 448  3.6833 -19.2297 34.4003
 64 448  6.1459 -24.7579 41.9347
 80 448  8.9651 -25.3055 36.8304
 96 448  9.3045 -27.1980 45.7294
112 448  8.8874 -27.5108 49.7893
128 448  6.2714 -28.1519 26.2270
144 448  2.6978 -25.9266 25.0232
160 448  1.0804 -25.8086 24.6156
176 448 -0.4480 -26.3801 34.9410
192 448 -1.4620 -24.9426 37.9255
208 448 -4.1965 -19.6021 37.0782
224 448 -4.4740 -16.6212 35.9806
240 448 -3.5794 -14.6939 30.7429
256 448 -3.7110 -13.0840 30.3064
272 448 -2.7964 -11.6307 34.0742
288 448 -1.8539 -10.6242 37.0506
304 448 -1.3874 -9.4443 39.9421
320 448 -0.3310 -6.7589 34.6094
336 448 -0.4733 -6.4398 33.9032
352 448 -0.0954 -6.4236 28.9510
368 448  0.6035 -5.7508 32.6059
384 448  0.8979 -5.1527 33.3091
400 448  2.3773 -4.8512 31.4477
416 448  2.0140 -4.3527 31.3745
432 448  1.5269 -4.4731 31.1638
448 448  1.5356 -3.9973 33.2884
464 448  1.1516 -2.4720 41.2248
480 448  0.7570 -2.0263 37.6339
496 448  0.7935 -2.0398 36.1460
512 448  0.7148 -1.4946 43.8018
528 448  0.9593 -0.6456 47.7674
544 448  0.6747 -0.0514 43.2807
560 448  0.5291  0.4213 42.4078
576 448  0.4923  0.8651 47.7260
592 448  0.8838  1.9709 44.2957
608 448  1.1806  3.0901 38.7870
624 448  0.5885  3.2179 36.9768
640 448  0.0253  3.8048 34.0226
656 448  0.1824  6.1940 34.6672
672 448 -0.3082  7.5448 39.1481
688 448 -0.0211  8.8712 43.6555
704 448  0.2800  9.0929 42.8988
720 448  0.2768 11.1402 40.0148
736 448  0.2912 13.5565 35.0510
752 448 -0.3447 18.4200 33.5339
768 448 -0.1012 24.4969 25.2708
784 448 -1.6129 30.3828 21.4500
800 448 -1.9506 15.2693 23.8359
816 448 -0.9676 10.2575 20.7160
832 448 -0.7436  6.7549 19.9061
 16 464  0.1884 -7.2850 29.3258
 32 464  3.2178 -15.7190 33.8442
 48 464  4.0517 -20.0990 42.2941
 64 464  6.3340 -23.9028 38.2351
 80 464  8.1887 -24.9964 32.3485
 96 464  9.1944 -26.9611 45.1018
112 464  7.5547 -28.2302 51.5299
128 464  4.4240 -28.8184 41.2197
144 464  3.7110 -28.7986 37.7827
160 464 -1.3578 -27.4078 39.9815
176 464 -1.8530 -25.1426 36.4086
192 464 -1.5382 -23.4713 39.7024
208 464 -4.4382 -20.4335 39.4824
224 464 -4.4279 -17.3082 41.3078
240 464 -5.2542 -16.6964 30.4619
256 464 -4.7405 -13.6052 30.2981
272 464 -3.1852 -11.6125 35.0052
288 464 -3.1052 -10.7936 34.3592
304 464 -2.5678 -9.4885 34.6006
320 464 -1.7517 -7.9725 37.4313
336 464 -1.3749 -7.2475 37.6340
352 464 -1.0310 -6.9377 33.5422
368 464 -0.5462 -6.1453 27.6371
384 464 -0.3594 -5.4200 30.8544
400 464  1.1086 -4.6178 35.2360
416 464  0.9337 -4.0620 33.5849
432 464  0.8540 -3.1663 38.9592
448 464  1.1928 -3.6969 36.5715
464 464  0.9990 -3.1559 39.1708
480 464  0.7407 -1.8694 38.6894
496 464  0.4022 -1.8997 34.9630
512 464  0.2510 -1.6471 41.8009
528 464  0.5066 -0.8745 47.0519
544 464  0.2167 -0.0499 46.1905
560 464 -0.1323  0.3591 44.7713
576 464  0.0637  0.8822 45.0463
592 464  0.6879  2.0388 42.7950
608 464  0.6860  3.1811 41.6463
624 464 -0.0686  3.4502 37.6150
640 464 -0.0354  5.1639 31.4497
656 464 -0.0852  6.1836 38.5808
672 464 -0.2365  6.9781 45.2591
688 464 -0.2383  8.6493 43.0973
704 464  0.0080  9.2142 44.2573
720 464  0.0765 11.4646 40.3092
736 464  0.1540 14.0765 32.2179
752 464 -0.7074 21.6972 36.3786
768 464 -0.4117 24.9627 25.8211
784 464 -2.5963 31.5748 16.7673
800 464 -1.8430 16.4284 18.0238
816 464 -0.3577  8.2130 22.9440
832 464 -0.3707  3.2454 18.7732
 16 480 -0.7136 -10.6368 26.3842
 32 480  2.4643 -14.4658 31.5065
 48 480  4.4669 -21.7942 31.8904
 64 480  6.3054 -24.4162 32.1124
 80 480  9.2590 -24.6413 25.6837
 96 480  8.8472 -25.3370 34.0527
112 480  6.2082 -27.8791 41.2837
128 480  4.2610 -29.4255 42.5137
144 480  2.6995 -30.7200 47.5770
160 480 -1.3484 -27.9475 45.2987
176 480 -1.5833 -24.7144 35.4080
192 480 -2.3127 -22.9882 37.4295
208 480 -6.1549 -20.6579 33.2573
224 480 -6.8462 -18.4413 41.7178
240 480 -5.8303 -16.9146 31.8139
256 480 -5.0812 -14.2527 32.0387
272 480 -3.5332 -11.4978 34.6876
288 480 -3.8230 -10.9497 34.8658
304 480 -3.0745 -9.9393 36.4506
320 480 -2.4075 -8.9873 36.8051
336 480 -2.3571 -7.5246 38.0661
352 480 -1.2052 -6.9768 36.9761
368 480 -0.9276 -6.1161 32.3030
384 480 -0.1165 -4.8214 29.1574
400 480 -0.2752 -4.3245 31.3057
416 480  0.2469 -4.4082 30.7236
432 480  0.4329 -4.3932 35.7071
448 480  0.3320 -4.0019 37.0158
464 480  0.3362 -2.9979 40.2239
480 480  0.2291 -2.0074 41.4815
496 480  0.0814 -1.5133 38.7589
512 480 -0.1550 -1.0602 45.6156
528 480 -0.0117 -1.1829 45.6306
544 480 -0.2637 -0.4894 44.4759
560 480 -0.3790  0.5972 45.2345
576 480 -0.3087  1.2350 44.6207
592 480 -0.1643  2.7807 43.0020
608 480  0.1794  3.2488 44.1075
624 480  0.1457  3.7135 41.6102
640 480  0.1708  4.7210 32.9290
656 480 -0.0504  5.9054 35.3771
672 480 -0.4342  7.6107 41.5813
688 480 -0.2589  8.2606 39.7354
704 480  0.1798  9.3596 40.1244
720 480 -0.2273 11.3706 36.1178
736 480 -0.3958 14.8247 30.0932
752 480 -0.9902 19.8009 39.6658
768 480 -0.7602 22.9037 32.8218
784 480 -0.3758 13.8486 22.6381
800 480 -0.7913 10.5120 31.2916
816 480  0.1897  5.8360 32.6197
832 480  0.1245  2.3492 22.5045
 16 496  0.5797 -10.0163 35.7019
 32 496  3.4166 -18.4631 37.9452
 48 496  5.3841 -21.7615 36.8759
 64 496  8.1796 -24.4910 25.2440
 80 496  8.5538 -24.2016 22.1985
 96 496 10.2284 -26.2180 46.5881
112 496  9.1316 -26.8093 45.9102
128 496  6.1695 -26.1193 23.9920
144 496  0.4995 -28.8885 47.3550
160 496 -0.6943 -28.2925 56.9243
176 496 -2.4940 -24.0762 32.0145
192 496 -5.2289 -24.1039 23.8274
208 496 -6.7590 -21.3401 39.1408
224 496 -8.0504 -19.6866 46.6975
240 496 -7.8042 -15.4744 24.4234
256 496 -5.6063 -14.4603 32.2832
272 496 -4.3979 -11.1779 34.5717
288 496 -3.9834 -10.0799 38.4356
304 496 -3.0837 -8.9613 37.1411
320 496 -2.8468 -8.6828 36.2968
336 496 -3.6331 -7.6362 34.6416
352 496 -2.6139 -6.2281 33.6205
368 496 -1.5016 -4.7410 31.8891
384 496 -1.7145 -4.3591 31.1191
400 496 -0.8751 -4.3475 31.1445
416 496 -0.4918 -4.2650 31.6859
432 496 -0.1148 -4.8936 33.3092
448 496 -0.1952 -4.1853 34.7182
464 496 -0.2950 -3.1233 36.9450
480 496 -0.4723 -2.0856 38.6056
496 496 -0.6166 -1.3511 40.6910
512 496 -0.6353 -1.0731 43.5511
528 496 -0.4523 -0.8122 46.4873
544 496 -0.7150 -0.4239 43.7881
560 496 -0.8815  0.5386 41.3077
576 496 -0.7166  1.5089 43.7886
592 496 -0.6308  2.5151 42.7971
608 496 -0.3329  3.3072 38.8740
624 496  0.2485  3.6875 39.0502
640 496  0.0070  3.9869 32.9106
656 496 -0.2854  5.3599 33.3063
672 496 -1.0602  7.6369 41.1305
688 496 -1.2740  8.3824 41.8105
704 496 -1.1215  9.9179 42.5102
720 496 -0.6886 12.2286 35.5080
736 496 -1.5213 15.1577 31.4557
752 496 -1.2522 19.8970 37.1961
768 496 -1.3344 23.4895 33.4599
784 496 -0.8853 14.1299 20.8992
800 496 -0.8606  8.1997 12.8563
816 496  0.3285  1.6611 18.2678
832 496  1.2343 -5.5388 21.8015
 16 512  0.8678 -10.3212 35.1897
 32 512  3.3511 -19.6977 36.7177
 48 512  5.5906 -24.4289 41.1589
 64 512  7.4935 -24.8148 36.7753
 80 512 10.6035 -25.0481 35.4236
 96 512  8.8334 -24.4157 46.7457
112 512  9.2966 -25.1585 46.7314
128 512  4.9881 -27.1597 30.8813
144 512  0.2650 -26.4002 32.6055
160 512 -0.6742 -23.5072 29.9302
176 512 -3.1952 -22.1869 29.8155
192 512 -6.3989 -23.2194 34.1615
208 512 -7.0802 -19.3411 34.5477
224 512 -8.8176 -18.5599 39.0624
240 512 -9.8505 -15.4579 30.2117
256 512 -5.4292 -14.6567 35.7448
272 512 -5.7533 -13.0918 39.2898
288 512 -5.7369 -10.7834 39.1688
304 512 -4.3214 -8.5836 39.5897
320 512 -3.7607 -8.6652 43.6406
336 512 -3.8594 -7.6752 34.8284
352 512 -4.0389 -6.0287 28.5421
368 512 -2.6757 -4.9077 26.6630
384 512 -2.0191 -4.1959 30.6785
400 512 -1.3593 -4.0858 32.0318
416 512 -1.2125 -4.6102 29.4394
432 512 -1.4241 -4.9785 27.5356
448 512 -1.1606 -3.4938 36.3776
464 512 -0.8525 -3.0286 37.1492
480 512 -1.4957 -2.5360 38.4002
496 512 -1.3284 -1.4246 46.8304
512 512 -0.9293 -1.1125 45.1862
528 512 -0.9963 -0.5492 45.5985
544 512 -1.4650  0.0747 43.2054
560 512 -1.6069  0.9102 44.7198
576 512 -1.2810  1.7352 45.8806
592 512 -0.8191  2.0592 45.6560
608 512 -0.0655  2.5443 41.1691
624 512 -0.1821  3.6184 33.5269
640 512 -1.2608  5.3483 29.2134
656 512 -1.0102  6.2555 34.6316
672 512 -1.1462  7.5358 38.0458
688 512 -1.6470  7.8856 41.9206
704 512 -1.3306  9.8892 48.7320
720 512 -1.0787 12.2042 36.8419
736 512 -2.1083 15.6794 30.0759
752 512 -1.8111 21.5271 33.8150
768 512 -3.8301 26.9457 31.0522
784 512 -2.6848 16.3406 35.2796
800 512 -1.7237  9.9934 12.4274
816 512  0.1513  3.1822 35.9869
832 512  0.9840 -4.6863 27.8804
 16 528  1.2025 -12.0934 33.4374
 32 528  3.6120 -23.1510 42.6508
 48 528  5.9015 -24.8548 39.1086
 64 528  7.3214 -23.7072 32.5767
 80 528  7.5960 -23.7271 34.2661
 96 528  7.5233 -22.6214 31.7802
112 528  6.0860 -23.3409 23.3463
128 528  2.0173 -25.0840 26.6367
144 528 -0.6955 -25.2612 29.1561
160 528 -3.2618 -25.4269 32.8760
176 528 -2.7985 -23.8858 33.7552
192 528 -7.9414 -22.0554 42.2603
208 528 -6.9434 -18.7285 37.3556
224 528 -9.4863 -17.1713 40.8547
240 528 -8.2447 -13.4992 34.7573
256 528 -7.5371 -13.0184 33.8976
272 528 -7.1079 -12.4176 35.3823
288 528 -6.7628 -11.0310 42.2117
304 528 -5.4764 -9.4400 35.7151
320 528 -4.2808 -7.0314 32.9587
336 528 -4.1029 -7.4317 36.2055
352 528 -4.2859 -6.8961 32.8229
368 528 -3.3456 -5.5236 28.5931
384 528 -2.8493 -4.1092 28.9329
400 528 -2.5542 -4.3690 29.2955
416 528 -2.0074 -4.2827 31.6278
432 528 -2.1351 -3.4030 33.3565
448 528 -1.8172 -2.4369 38.6425
464 528 -1.7740 -2.4727 41.3157
480 528 -2.3639 -2.5267 39.9061
496 528 -1.9209 -1.8956 41.5760
512 528 -1.6890 -1.2817 45.5072
528 528 -1.6526 -0.7003 42.8500
544 528 -1.8508  0.3012 40.9793
560 528 -1.9817  1.4931 47.0111
576 528 -1.8250  1.6996 44.6816
592 528 -1.1183  1.9213 43.5066
608 528 -0.7101  2.2525 42.4690
624 528 -0.6037  3.6626 31.0919
640 528 -1.6356  5.5751 27.2375
656 528 -1.2293  6.3107 36.1378
672 528 -1.1874  7.0851 37.2593
688 528 -1.3233  8.3445 43.6700
704 528 -1.4502  9.9894 47.1170
720 528 -1.4570 11.5810 36.1908
736 528 -1.6164 14.8078 27.1367
752 528 -2.3654 20.0330 27.9068
768 528 -7.1655 36.7440 23.0042
784 528 -4.2470 22.1160 36.1288
800 528 -2.5978 12.9474 17.6598
816 528 -0.9563  5.6765 25.8808
832 528  0.3432 -3.0523 25.5166
 16 544  0.4360 -9.8365 35.2038
 32 544  4.3597 -21.3629 43.2709
 48 544  5.7403 -22.7066 40.1664
 64 544  7.6683 -22.9516 30.3107
 80 544  7.6996 -22.5898 30.1765
 96 544  7.6815 -22.2488 30.1488
112 544  4.6551 -22.8311 27.6784
128 544  2.5350 -24.2906 35.8048
144 544 -0.3968 -25.7768 34.6238
160 544 -3.6505 -26.4180 35.5432
176 544 -5.6978 -28.9224 35.5311
192 544 -8.3617 -21.4233 38.6919
208 544 -8.7620 -18.1405 39.5878
224 544 -10.0105 -15.7112 34.8341
240 544 -9.0913 -13.0325 47.5694
256 544 -8.7407 -12.5234 41.8008
272 544 -8.3701 -11.9774 37.2722
288 544 -8.1981 -10.8789 40.2268
304 544 -7.3391 -9.5407 33.9922
320 544 -5.5668 -7.6178 28.6318
336 544 -3.8957 -6.7878 29.4919
352 544 -4.5570 -5.8655 27.2514
368 544 -5.0574 -6.0714 26.0699
384 544 -3.8972 -4.8845 26.6110
400 544 -4.1939 -5.0494 27.9021
416 544 -2.9961 -3.7552 35.2826
432 544 -2.4902 -2.4739 40.3399
448 544 -1.9596 -2.4062 41.2630
464 544 -2.3173 -2.6238 37.8811
480 544 -2.6641 -2.3895 33.6812
496 544 -2.6733 -1.7433 32.9471
512 544 -2.5710 -0.8117 36.0685
528 544 -2.3455 -0.4615 40.7406
544 544 -2.1291 -0.0792 41.9127
560 544 -2.2727  0.8543 42.3049
576 544 -2.1458  1.4166 38.5842
592 544 -1.9921  1.7402 36.7119
608 544 -2.1973  1.8888 34.8714
624 544 -1.4278  3.5979 29.5759
640 544 -1.5923  4.4913 27.8389
656 544 -1.3951  5.9125 35.0750
672 544 -1.5783  7.1527 39.0562
688 544 -1.3145  8.5434 47.4927
704 544 -1.5541 10.0554 48.8570
720 544 -1.7429 11.6574 37.8616
736 544 -1.7674 14.6087 29.1381
752 544 -6.3425 29.4849 25.1707
768 544 -7.4696 40.8289 25.3855
784 544 -4.3599 30.2165 31.6030
800 544 -2.6176 10.8958 29.2151
816 544 -3.0224 10.7920 25.3388
832 544  0.2180  0.1180 24.8767
 16 560  0.0937 -8.9243 32.4590
 32 560  4.7911 -20.8814 40.6720
 48 560  6.6821 -23.3585 47.2836
 64 560  6.6478 -23.2838 28.0950
 80 560  8.8896 -22.7600 32.8388
 96 560  8.8333 -22.5937 39.1362
112 560  4.6458 -21.8968 34.2947
128 560  2.0433 -22.6598 40.9580
144 560 -0.9795 -24.9890 34.9521
160 560 -3.3778 -25.3983 33.6331
176 560 -6.6026 -23.0828 35.3904
192 560 -7.7780 -19.2950 34.4118
208 560 -9.9279 -17.0955 34.4906
224 560 -10.1664 -15.1093 27.3352
240 560 -8.9049 -12.8930 28.3776
256 560 -8.9849 -11.5962 33.2585
272 560 -9.3286 -10.7138 42.1590
288 560 -8.8207 -10.2612 40.5901
304 560 -7.8631 -9.9700 37.6318
320 560 -6.1000 -8.1924 32.1610
336 560 -5.2813 -6.8872 29.0679
352 560 -6.2154 -5.6778 28.4356
368 560 -6.4074 -5.1947 28.1403
384 560 -5.1926 -5.7106 29.2705
400 560 -5.2821 -5.4803 30.4559
416 560 -3.4296 -3.9587 33.8763
432 560 -2.8379 -2.6241 38.6030
448 560 -2.7518 -2.7194 35.6681
464 560 -2.7273 -2.9536 34.8099
480 560 -2.7229 -2.3638 33.2029
496 560 -3.1707 -1.3284 38.8322
512 560 -3.2948 -0.7998 38.5996
528 560 -3.3247 -0.0685 37.5546
544 560 -2.8584  0.3581 37.7144
560 560 -2.3126  0.5579 38.8501
576 560 -2.3742  1.0109 38.0262
592 560 -2.5151  1.8750 33.4292
608 560 -2.3614  2.6263 32.5298
624 560 -2.0889  4.7575 29.1992
640 560 -2.7946  5.1900 29.7147
656 560 -2.2165  6.2271 31.2287
672 560 -1.6789  7.5913 39.9494
688 560 -1.6071  8.9380 48.6947
704 560 -1.4923 10.1894 46.2273
720 560 -1.8099 12.1494 37.9290
736 560 -4.1396 15.1110 28.8637
752 560 -7.2045 29.6177 26.6318
768 560 -5.1081 26.4136 35.2410
784 560 -3.9110 24.2777 33.2391
800 560 -4.0192 16.7275 21.2681
816 560 -4.2806 22.4990 23.2415
832 560 -1.3877 21.8538 24.9325
 16 576  1.4441 -16.4727 32.9075
 32 576  3.1363 -18.8799 32.1903
 48 576  7.9450 -23.7002 46.0213
 64 576  6.3920 -23.1173 31.0082
 80 576  8.7180 -21.5336 26.6221
 96 576  8.9399 -20.6656 35.6875
112 576  3.9009 -21.5800 33.6258
128 576  1.6296 -23.3692 42.1543
144 576 -0.7765 -24.9702 33.5837
160 576 -4.0615 -22.0137 22.0251
176 576 -6.7650 -23.7909 32.5925
192 576 -8.7431 -19.9213 33.5475
208 576 -9.2720 -16.6523 32.8473
224 576 -8.8925 -14.5463 39.0664
240 576 -9.4908 -11.6367 36.1018
256 576 -9.4758 -9.6215 44.4970
272 576 -9.4645 -10.0423 42.5099
288 576 -9.0022 -9.8092 39.5116
304 576 -7.9823 -9.4917 38.6930
320 576 -7.8977 -8.3426 42.8889
336 576 -7.0738 -7.0214 37.1883
352 576 -6.9651 -6.8892 30.7715
368 576 -6.9090 -6.1776 30.7288
384 576 -5.1569 -4.4977 30.4029
400 576 -5.2527 -4.4740 33.0368
416 576 -3.7965 -3.2719 35.2150
432 576 -3.4878 -2.8690 34.4742
448 576 -3.9103 -2.4314 31.5233
464 576 -4.2905 -2.0407 29.9528
480 576 -3.0628 -1.9416 34.1942
496 576 -3.7959 -0.9415 40.7819
512 576 -4.2807 -0.6509 38.1845
528 576 -4.2505  0.2103 38.1123
544 576 -3.7147  0.6936 36.9965
560 576 -2.9508  0.3603 34.8639
576 576 -2.9383  0.5872 36.6882
592 576 -3.3514  1.9331 32.9423
608 576 -3.1977  2.8988 30.7010
624 576 -1.9947  4.2130 27.5333
640 576 -2.3901  4.6856 28.4088
656 576 -2.7613  5.5579 26.3981
672 576 -2.0262  7.0742 34.1063
688 576 -2.3388  8.6656 42.1418
704 576 -2.1396 10.1182 37.1446
720 576 -1.9030 11.8183 30.7415
736 576 -5.2819 21.5308 26.4471
752 576 -7.6082 29.7677 24.7973
768 576 -9.5612 38.1179 32.5317
784 576 -6.7341 28.8611 42.7862
800 576 -5.5815 29.4747 41.0727
816 576 -5.3329 21.6551 32.3808
832 576 -2.6632 22.4112 26.1122
 16 592  2.3655 -14.2340 32.1160
 32 592  2.2851 -16.9704 30.4133
 48 592  6.7974 -20.6837 36.4342
 64 592  8.5714 -21.2527 30.5884
 80 592  8.8099 -22.2654 29.3105
 96 592  2.1984 -21.1743 48.8157
112 592  1.9747 -21.4466 43.2521
128 592  1.8453 -21.8225 36.3157
144 592 -6.1861 -28.0234 31.8486
160 592 -7.7010 -26.6459 31.5417
176 592 -8.8274 -21.3134 30.2327
192 592 -10.2612 -17.4403 32.9164
208 592 -7.0649 -14.5810 29.1889
224 592 -9.3355 -13.0131 41.9825
240 592 -10.2305 -11.7124 44.3030
256 592 -10.2814 -11.2619 46.4409
272 592 -9.9096 -10.3333 40.0180
288 592 -8.7135 -9.8240 40.2403
304 592 -8.1846 -9.1979 34.8470
320 592 -8.5563 -7.8315 40.5505
336 592 -8.1958 -7.1325 38.6982
352 592 -7.5375 -6.8090 31.8695
368 592 -7.5150 -6.3271 36.3778
384 592 -6.5448 -6.3580 35.4716
400 592 -5.7331 -6.0536 25.1950
416 592 -6.9962 -5.4084 24.2129
432 592 -4.6229 -3.2716 26.7726
448 592 -4.1937 -2.8336 29.6846
464 592 -4.3674 -2.5827 30.6419
480 592 -3.6301 -2.0401 32.0775
496 592 -5.0717 -1.4045 33.1979
512 592 -4.9238 -0.8021 32.7275
528 592 -4.6144 -0.4784 37.5637
544 592 -3.8575  0.2798 40.7393
560 592 -3.7069  0.3946 39.1660
576 592 -3.6852  0.9853 41.2294
592 592 -4.1917  2.3614 32.5396
608 592 -3.8729  3.2859 29.2956
624 592 -2.4068  3.7643 29.8441
640 592 -3.4267  5.4269 26.5263
656 592 -3.0790  6.8523 28.5436
672 592 -2.8674  7.5447 34.8528
688 592 -3.3628  8.3327 38.7698
704 592 -3.0003 10.0621 37.7623
720 592 -2.7927 12.7585 26.4135
736 592 -6.2554 23.9171 19.7272
752 592 -10.7330 35.3467 29.4167
768 592 -10.4075 38.4245 39.3906
784 592 -7.5821 31.6183 40.7003
800 592 -6.7651 26.9892 38.7483
816 592 -8.1691 37.7704 26.5860
832 592 -3.1395 20.3707 25.3656
 16 608  1.4996  9.2723 43.0973
 32 608  1.4469 -15.3669 37.2531
 48 608  6.9125 -20.2999 32.9816
 64 608 10.2109 -18.3430 37.3524
 80 608  7.8844 -19.4144 44.2248
 96 608  2.3312 -22.5663 46.9840
112 608  1.5218 -22.3438 45.1373
128 608 -1.1507 -23.1383 42.0811
144 608 -2.1786 -23.2473 37.1589
160 608 -7.2055 -26.7775 32.5439
176 608 -8.4536 -21.8789 25.8309
192 608 -8.9161 -14.9946 27.7628
208 608 -9.3707 -12.5934 40.8127
224 608 -10.1923 -12.3058 50.5770
240 608 -10.6675 -11.9855 50.6261
256 608 -10.3919 -10.9019 45.4815
272 608 -10.3560 -9.9548 47.7934
288 608 -10.2520 -9.0482 53.5694
304 608 -9.6814 -8.8287 33.0287
320 608 -9.2509 -8.0280 35.7194
336 608 -9.0961 -6.8240 34.0929
352 608 -8.3070 -5.7961 30.3496
368 608 -8.2239 -5.4454 36.5107
384 608 -7.1314 -5.7827 36.8434
400 608 -3.4381 -4.8763 25.0860
416 608 -5.1618 -4.5895 29.1695
432 608 -4.8521 -2.5893 30.9781
448 608 -4.7198 -3.1166 30.5559
464 608 -4.7114 -3.2171 32.6414
480 608 -4.2059 -2.3178 33.0317
496 608 -5.0811 -1.2902 34.3607
512 608 -5.2448 -0.5162 34.0275
528 608 -5.7132  0.2715 36.3648
544 608 -4.3573 -0.1433 42.1638
560 608 -3.4969  0.2824 42.5419
576 608 -3.8950  1.2104 38.5371
592 608 -3.8733  3.0180 33.5289
608 608 -3.3346  3.2871 29.9120
624 608 -2.5552  4.5177 30.1066
640 608 -3.1660  6.0280 29.8589
656 608 -4.5335  6.8890 29.1512
672 608 -4.4038  7.7166 35.3776
688 608 -4.1587  9.2189 36.4194
704 608 -3.9516 11.1931 30.1402
720 608 -8.1974 18.9482 34.7659
736 608 -6.4976 23.0267 31.3413
752 608 -4.1630 16.6953 24.2677
768 608 -4.0339 17.8433 21.0565
784 608 -6.4089 26.1343 36.1286
800 608 -8.2039 27.5007 40.7073
816 608 -9.9360 36.7043 26.5233
832 608 -3.4449 17.0153 27.6399
 16 624  1.1334 -9.7995 43.1305
 32 624  2.3530 -13.8865 39.7616
 48 624  5.4851 -18.7071 22.6051
 64 624  7.7092 -18.9731 41.6323
 80 624  8.4085 -19.1556 55.1310
 96 624  6.3915 -19.0202 41.2647
112 624  2.6516 -19.9961 40.5814
128 624 -1.3815 -23.3447 52.5788
144 624 -1.5399 -23.0782 43.9100
160 624 -5.7496 -24.7860 24.0922
176 624 -10.3943 -19.6440 28.4563
192 624 -11.5541 -16.9475 40.4227
208 624 -8.8874 -14.1019 41.3172
224 624 -9.5015 -10.6989 36.0940
240 624 -10.7476 -10.1844 40.5005
256 624 -10.1645 -10.5455 45.9027
272 624 -10.8282 -9.9092 53.0340
288 624 -10.2126 -9.1089 43.6641
304 624 -10.4526 -7.8942 30.0184
320 624 -10.2330 -7.3950 31.8429
336 624 -10.4009 -6.6682 32.3776
352 624 -9.6217 -6.8032 36.5873
368 624 -9.5298 -6.0446 35.6225
384 624 -9.3071 -5.5416 32.1745
400 624 -7.8358 -5.3272 28.1706
416 624 -5.5095 -4.3419 37.4684
432 624 -5.6908 -3.4887 35.0157
448 624 -6.5229 -2.3449 33.1506
464 624 -5.1386 -2.4153 30.9821
480 624 -4.8647 -1.5129 36.0504
496 624 -4.9790 -0.8142 36.5225
512 624 -5.9298 -0.6617 38.4999
528 624 -6.7801  0.1988 40.8923
544 624 -5.0931  0.3390 37.7250
560 624 -4.8455  0.5194 32.8444
576 624 -4.6951  1.3508 32.3564
592 624 -3.1607  2.2954 36.9839
608 624 -3.1684  2.9488 30.2286
624 624 -3.5418  4.3072 28.0123
640 624 -3.2663  4.6634 23.8951
656 624 -6.0164  7.2749 26.3909
672 624 -6.3857  8.6925 34.3146
688 624 -5.5786 10.9553 36.9657
704 624 -4.4914 12.0355 29.4492
720 624 -8.7530 17.2584 32.5396
736 624 -6.4181 20.0365 27.5931
752 624 -5.9921 21.1243 42.4232
768 624 -8.4374 27.3155 35.2393
784 624 -7.6641 26.0040 26.1678
800 624 -2.8322  9.6084 32.0116
816 624 -2.1164  8.5732 31.7779
832 624 -2.5101 12.8772 20.7866
 16 640  1.9641 -11.0855 30.3667
 32 640  3.3488 -14.8994 26.8832
 48 640  1.5850 -19.7251 42.9916
 64 640  4.4024 -19.4670 40.0895
 80 640  8.5584 -18.9436 58.1524
 96 640  8.0820 -17.6791 50.0268
112 640  2.0784 -18.9591 34.7803
128 640 -1.8452 -21.0980 44.8118
144 640 -3.0452 -21.2129 40.7346
160 640 -9.4584 -22.6584 31.3595
176 640 -11.5797 -19.6459 37.4365
192 640 -12.4105 -16.8985 34.2731
208 640 -9.4365 -13.2452 36.9215
224 640 -10.6170 -11.5527 50.6934
240 640 -11.3875 -10.9550 44.8501
256 640 -10.1251 -10.4694 37.4507
272 640 -11.7339 -9.0369 42.2043
288 640 -10.5596 -7.2244 27.0996
304 640 -11.4417 -6.9012 27.6629
320 640 -11.0793 -7.1099 32.9800
336 640 -11.3039 -7.5001 39.9988
352 640 -11.1187 -6.9226 38.6824
368 640 -9.7419 -5.9399 32.3164
384 640 -9.1277 -5.5756 31.3961
400 640 -7.2836 -4.2813 38.3397
416 640 -7.6832 -2.8339 38.7264
432 640 -5.9215 -3.5567 36.2846
448 640 -5.6607 -3.4906 32.8508
464 640 -6.0652 -2.3736 38.8292
480 640 -5.8022 -1.5863 44.4464
496 640 -5.4608 -1.0219 40.8090
512 640 -5.4083 -0.8636 35.9233
528 640 -6.4360 -0.2241 35.9827
544 640 -6.2444  0.5780 37.4501
560 640 -6.2831  1.2415 32.8591
576 640 -5.6536  1.4478 35.9346
592 640 -4.1948  2.5506 36.9577
608 640 -4.8913  3.8612 27.4348
624 640 -4.7466  4.3446 26.9792
640 640 -5.7701  6.2212 27.9348
656 640 -5.8957  8.2163 29.4682
672 640 -6.9773  9.4385 33.0514
688 640 -6.4180 11.5706 35.6423
704 640 -6.6235 14.7699 29.2540
720 640 -9.8196 22.1998 38.5928
736 640 -8.7622 24.3981 34.7352
752 640 -11.5822 34.6856 27.5779
768 640 -10.4143 29.8475 24.7057
784 640 -7.3995 20.9383 28.2788
800 640 -5.2154 17.8631 31.2721
816 640 -6.4183 22.8758 29.9338
832 640 -7.0433 19.3497 31.2407
 16 656  1.5872 -11.5599 31.4433
 32 656  2.7549 -14.1057 32.6538
 48 656  3.9452 -18.8311 27.2464
 64 656  4.4346 -18.8306 28.2940
 80 656  6.6663 -15.6987 40.6538
 96 656  1.8994 -18.9393 41.6604
112 656 -2.3927 -19.1146 48.3814
128 656 -3.2886 -19.2043 42.7304
144 656 -8.1017 -22.7826 43.4677
160 656 -10.7608 -21.4150 46.3834
176 656 -12.3236 -19.3438 41.5195
192 656 -13.4645 -16.6206 31.4047
208 656 -10.7490 -12.8579 41.3770
224 656 -11.2047 -11.4336 55.1190
240 656 -11.8068 -10.9334 44.0557
256 656 -11.2981 -9.8134 40.7262
272 656 -11.1629 -9.3290 46.0499
288 656 -12.0853 -8.0493 41.7488
304 656 -13.2277 -7.1284 39.8864
320 656 -11.8986 -6.6696 35.0041
336 656 -11.0299 -7.2407 42.6069
352 656 -10.5738 -6.9444 40.2891
368 656 -9.8465 -5.7043 32.5475
384 656 -7.0842 -4.0730 32.1919
400 656 -8.0386 -2.7103 43.5089
416 656 -8.2274 -2.4136 39.9796
432 656 -6.6686 -3.5559 32.7769
448 656 -6.4988 -3.7336 35.8928
464 656 -6.7870 -2.7475 39.9744
480 656 -6.5912 -1.6278 47.1033
496 656 -5.7720 -0.5580 43.8328
512 656 -5.8047 -0.1112 35.8540
528 656 -6.9466 -0.1671 38.6770
544 656 -6.7473  0.3461 42.3120
560 656 -5.4295  0.6944 34.5598
576 656 -5.1940  1.1419 30.4827
592 656 -5.9190  2.3431 36.7704
608 656 -6.2333  4.0883 31.2148
624 656 -7.2188  6.1061 30.0276
640 656 -6.5435  8.0819 40.0643
656 656 -6.9383  9.5823 43.5428
672 656 -7.6394 10.3384 42.4188
688 656 -7.4871 13.5215 37.4620
704 656 -11.6606 16.7754 32.2119
720 656 -11.5622 22.0612 32.0258
736 656 -15.4087 33.5646 39.3624
752 656 -17.5580 40.9220 29.4090
768 656 -12.1360 29.0839 23.6792
784 656 -9.5299 25.2396 23.3520
800 656 -10.6289 31.4861 33.3212
816 656 -7.1304 23.3243 32.6051
832 656 -4.7968  5.0085 26.1161
 16 672 -0.4938 -5.2989 28.2727
 32 672  0.1053 -14.7461 31.6702
 48 672  0.6523 -17.6272 39.1601
 64 672  1.3823 -16.9495 31.0101
 80 672  7.9282 -14.2334 32.2040
 96 672  1.8441 -18.4594 43.6772
112 672 -1.7356 -18.9307 63.1377
128 672 -3.2875 -19.6898 51.2830
144 672 -8.1363 -22.9483 46.1559
160 672 -11.4233 -21.2020 48.2348
176 672 -13.3742 -17.5550 40.7871
192 672 -15.7265 -20.8958 40.8382
208 672 -16.1404 -20.5362 37.8863
224 672 -12.9345 -10.6748 33.2153
240 672 -13.4163 -10.0376 32.9406
256 672 -12.7200 -9.8836 42.6182
272 672 -11.7086 -9.7513 44.2597
288 672 -12.3457 -7.8988 40.9259
304 672 -13.3854 -6.9990 42.1095
320 672 -12.3358 -7.0528 36.6302
336 672 -11.9832 -6.8971 38.7141
352 672 -10.0940 -5.9916 36.9850
368 672 -9.0108 -4.8266 32.6972
384 672 -8.9347 -4.0901 35.1487
400 672 -9.1006 -2.5311 43.9425
416 672 -8.4520 -2.8284 40.4854
432 672 -8.2847 -3.0613 34.7186
448 672 -8.7598 -2.3880 39.5286
464 672 -8.1237 -2.2179 42.5200
480 672 -7.6326 -0.9440 48.8714
496 672 -6.8907 -0.7280 48.6656
512 672 -7.5060 -0.0606 46.0848
528 672 -6.6613  0.0478 45.1500
544 672 -6.0744  0.7394 46.1570
560 672 -6.9060  1.0010 47.7351
576 672 -6.0911  3.0869 31.5046
592 672 -6.9938  2.7106 31.2280
608 672 -7.0354  2.9212 31.6914
624 672 -7.1882  5.2991 28.8090
640 672 -7.0406  8.1860 35.9438
656 672 -8.3316  9.9287 46.5066
672 672 -8.5661 11.1854 48.9048
688 672 -7.9679 13.8024 32.9321
704 672 -12.7341 17.3738 32.4308
720 672 -13.6040 19.1842 31.8145
736 672 -18.0233 32.8899 35.7426
752 672 -19.2690 38.6434 30.9270
768 672 -19.6333 41.5677 27.0474
784 672 -12.2217 29.6517 26.8414
800 672 -11.4795 26.5155 31.5418
816 672 -4.1152  9.1440 27.9865
832 672 -1.2077  1.9668 36.3176
 16 688  1.8377 -4.6880 32.3289
 32 688  0.4166 -14.4088 34.4208
 48 688  0.1316 -16.3181 37.6886
 64 688  2.3812 -15.7641 32.8443
 80 688  6.8661 -13.7197 31.6887
 96 688  2.6917 -16.9538 40.1034
112 688 -2.2341 -17.3245 47.6948
128 688 -6.4516 -21.1444 38.4807
144 688 -11.2638 -19.7647 37.3398
160 688 -13.5669 -18.4444 37.0480
176 688 -15.1360 -22.9359 35.1038
192 688 -16.8577 -19.7425 44.9164
208 688 -17.8699 -18.3165 38.7982
224 688 -14.3166 -10.1764 33.1190
240 688 -14.7755 -9.8285 34.2303
256 688 -14.7902 -10.2824 37.8076
272 688 -14.7294 -9.4602 34.7230
288 688 -14.2653 -6.9078 30.7805
304 688 -13.8103 -7.1236 29.1285
320 688 -13.2014 -6.4895 29.5964
336 688 -13.3150 -6.0965 30.6791
352 688 -9.6428 -4.8108 32.3866
368 688 -9.0004 -4.0584 34.6486
384 688 -10.0237 -3.8298 37.3568
400 688 -10.2199 -2.5890 41.1658
416 688 -9.1345 -1.6791 42.0990
432 688 -9.3719 -1.4650 48.7674
448 688 -9.5559 -1.4272 47.0637
464 688 -9.4728 -1.0576 48.9864
480 688 -9.5138 -0.6710 52.5213
496 688 -9.2646 -0.7943 54.9929
512 688 -9.0223 -0.0200 54.9292
528 688 -7.9404  0.2229 48.9913
544 688 -6.2829  0.8421 50.2793
560 688 -7.7368  1.0993 48.1855
576 688 -8.4319  2.6854 37.6356
592 688 -7.7298  3.3231 33.6297
608 688 -7.8571  2.9195 34.8196
624 688 -9.3281  6.6668 34.1213
640 688 -9.2196  8.7976 36.3211
656 688 -9.5525  9.9120 40.2890
672 688 -9.5651 12.1241 47.1194
688 688 -14.7850 15.2550 31.7382
704 688 -21.7042 25.9810 33.8831
720 688 -20.8415 29.2698 34.7119
736 688 -19.7393 32.0976 30.1257
752 688 -21.1889 38.5506 22.6564
768 688 -20.7734 39.8255 32.0174
784 688 -19.3955 37.7040 35.6966
800 688 -8.7753 21.4129 32.0487
816 688 -4.0903  5.8967 26.7991
832 688 -0.5887  0.3632 36.1271
 16 704  0.3018 -5.5737 32.8329
 32 704  3.1077 -10.6777 37.6202
 48 704  6.3465 -7.1981 30.0815
 64 704  2.8429 -13.9054 27.7965
 80 704  2.7404 -14.4271 28.2389
 96 704  4.2896 -14.3007 27.3334
112 704 -1.7701 -14.8854 30.8362
128 704 -8.3253 -19.3278 39.6022
144 704 -14.8402 -18.4307 42.1850
160 704 -15.7671 -22.3985 25.9888
176 704 -18.9083 -19.8135 43.8121
192 704 -20.0263 -18.1596 40.5370
208 704 -21.0184 -16.0143 35.1767
224 704 -15.3077 -13.8359 30.6134
240 704 -16.7725 -11.8867 38.5847
256 704 -16.6516 -11.2753 39.4570
272 704 -17.3178 -9.7826 40.7882
288 704 -17.2319 -8.7748 37.7779
304 704 -15.7121 -8.2468 33.9396
320 704 -10.6708 -4.6446 24.5605
336 704 -11.2937 -3.8250 28.8325
352 704 -11.1914 -4.8621 29.0529
368 704 -10.2980 -3.2038 35.3458
384 704 -10.4237 -3.0729 38.6595
400 704 -10.4503 -2.5871 39.9724
416 704 -10.0762 -1.5963 43.9547
432 704 -10.0151 -1.2810 47.8482
448 704 -9.8868 -1.0023 52.4184
464 704 -10.1356 -0.6072 58.7519
480 704 -10.2106 -0.5520 53.6862
496 704 -9.4485 -0.8280 45.8025
512 704 -9.6407  0.0692 52.9376
528 704 -9.6611  0.2666 53.1533
544 704 -8.1519  0.6773 47.7621
560 704 -8.7211  1.4227 41.8203
576 704 -9.8181  2.0315 37.7085
592 704 -9.3664  3.6394 34.3065
608 704 -10.3825  5.8926 31.9479
624 704 -10.5862  7.4872 38.1313
640 704 -11.7406  9.1058 41.7229
656 704 -11.6438 10.6074 38.3459
672 704 -17.9034 18.8100 29.0140
688 704 -17.9739 22.2530 41.2351
704 704 -23.8289 25.6668 35.4611
720 704 -22.4990 29.4515 27.1657
736 704 -27.2512 41.5796 30.3795
752 704 -17.9999 33.0854 30.2120
768 704 -17.3898 34.1896 30.7830
784 704 -20.1588 36.6504 27.2536
800 704 -9.0067 16.7927 24.9487
816 704 -0.6113  3.7785 26.4262
832 704 -0.2962 -1.8136 33.3397
 16 720  1.4341 -2.8786 50.3790
 32 720  2.7338 -9.5609 50.3352
 48 720  4.8627 -10.1303 39.0274
 64 720  4.2663 -12.6550 35.5007
 80 720  2.9996 -13.7140 32.3037
 96 720  3.3222 -12.1283 24.9047
112 720 -0.2538 -11.6416 28.6035
128 720 -11.3885 -16.6942 32.2360
144 720 -17.4479 -21.5962 36.4887
160 720 -15.9243 -21.2888 22.3862
176 720 -19.2720 -19.0128 40.7689
192 720 -22.2042 -16.8777 33.3283
208 720 -24.0716 -15.1543 27.3060
224 720 -18.3815 -13.3355 38.3732
240 720 -18.3329 -12.3476 45.5394
256 720 -18.3106 -11.2682 48.0884
272 720 -18.9701 -10.1637 47.9517
288 720 -18.3884 -8.9650 40.4652
304 720 -16.8373 -8.2515 40.1614
320 720 -16.5676 -7.4940 34.5795
336 720 -16.0059 -6.8151 35.5132
352 720 -12.5587 -3.2941 38.7810
368 720 -12.9472 -2.4582 41.4950
384 720 -12.2124 -2.7085 38.9228
400 720 -11.1351 -1.9015 43.5569
416 720 -11.4754 -1.7461 46.1695
432 720 -11.3508 -1.2016 42.6795
448 720 -10.3217 -0.1977 46.0000
464 720 -10.0583 -0.4228 49.9989
480 720 -10.7716 -0.7227 44.4795
496 720 -11.3035 -0.1685 59.2016
512 720 -10.7756  0.2190 54.9693
528 720 -10.6674  0.8292 56.4220
544 720 -10.7198  1.1130 47.9594
560 720 -11.1528  2.1697 37.6334
576 720 -11.0064  2.5670 34.0084
592 720 -10.5214  4.3563 34.8685
608 720 -11.6758  6.2331 35.7209
624 720 -12.6173  9.0193 42.7172
640 720 -13.1981 10.0179 43.8225
656 720 -14.2953 11.5283 32.7653
672 720 -21.0009 18.2818 44.1833
688 720 -19.5856 21.9244 31.5432
704 720 -27.4261 32.8702 38.5578
720 720 -30.4540 36.8841 35.2683
736 720 -29.0660 39.4539 38.0204
752 720 -17.3655 32.2055 23.1932
768 720 -17.3029 32.0355 38.0218
784 720 -7.2784 13.8894 32.0382
800 720 -6.4162 10.8800 34.2966
816 720 -0.4082  1.0395 36.6904
832 720 -0.3132 -2.7222 34.9111
 16 736  2.1069 -1.7444 45.7695
 32 736  1.6834 -7.2845 46.6248
 48 736  2.8092 -8.3469 54.0665
 64 736 10.0486 -6.6903 44.7702
 80 736  2.7143 -11.5394 27.2458
 96 736  1.7767 -10.8395 29.3873
112 736  0.8722 -10.6870 35.0783
128 736 -3.1252 -11.5895 28.8529
144 736 -18.0466 -19.9114 25.2126
160 736 -21.2072 -16.8787 18.3671
176 736 -24.1478 -17.5914 42.7047
192 736 -23.7064 -16.5801 32.6040
208 736 -27.4388 -19.0324 34.1074
224 736 -18.8800 -13.1779 42.1109
240 736 -19.7637 -11.8971 50.2523
256 736 -20.3107 -10.4230 56.6753
272 736 -20.9856 -10.0760 59.0907
288 736 -20.8799 -8.3258 42.0549
304 736 -21.1901 -7.8788 38.0052
320 736 -20.9736 -6.8925 44.4121
336 736 -19.8471 -5.8571 33.9574
352 736 -14.6050 -1.8922 39.8654
368 736 -13.5163 -2.2545 41.9850
384 736 -13.9453 -2.1561 38.8416
400 736 -13.2246 -1.4572 44.8483
416 736 -13.2434 -1.6375 44.8670
432 736 -12.6557 -1.3602 41.8189
448 736 -13.1063 -0.8332 43.0552
464 736 -13.5109  0.2345 43.0704
480 736 -12.8978  0.4978 40.5232
496 736 -13.2756  0.1294 53.8636
512 736 -13.1222  0.5635 52.5875
528 736 -12.3685  1.0086 47.6983
544 736 -12.5075  1.7545 39.9997
560 736 -12.8372  2.9521 32.5453
576 736 -12.8885  3.3026 29.4007
592 736 -17.1884  7.6724 40.8805
608 736 -15.9938  9.1795 40.2808
624 736 -16.2388 12.2489 42.1315
640 736 -16.4903 12.8786 38.4933
656 736 -23.7898 17.9800 37.8329
672 736 -24.1559 18.6704 44.2052
688 736 -22.3047 20.9543 33.8516
704 736 -27.9905 32.4694 44.0033
720 736 -27.0715 34.0582 49.0032
736 736 -23.4337 28.0018 39.7820
752 736 -21.9682 26.8119 28.1093
768 736 -12.5821 15.3407 30.5047
784 736 -7.9696 12.1629 49.2830
800 736 -2.4073  2.6168 34.1617
816 736 -0.5857 -1.1679 50.2987
832 736 -0.3626 -3.5107 39.1266
 16 752  2.9253 -1.2332 35.3811
 32 752  4.9668 -2.3317 36.7692
 48 752  7.8800 -1.1377 48.2592
 64 752  3.2560 -5.1372 24.1149
 80 752 -2.7214 -9.5371 25.7022
 96 752  2.2435 -9.1726 37.4127
112 752 -0.8169 -9.8824 53.1220
128 752 -2.9527 -10.7201 45.1227
144 752 -23.5417 -17.1438 43.5456
160 752 -25.2821 -19.6611 31.1116
176 752 -24.7932 -16.1304 35.2611
192 752 -24.3781 -15.0021 28.7328
208 752 -19.8887 -12.6678 32.1336
224 752 -20.6129 -11.9267 32.5336
240 752 -21.7279 -10.6104 41.9334
256 752 -21.8217 -10.2682 57.8377
272 752 -22.8101 -9.9506 66.2714
288 752 -23.3859 -8.5315 53.0056
304 752 -22.8182 -7.9289 39.7567
320 752 -22.3862 -6.8877 41.1255
336 752 -21.9145 -5.6123 31.5509
352 752 -22.8606 -5.6881 38.2411
368 752 -15.2096 -4.9976 31.8805
384 752 -14.5340 -1.3725 37.4833
400 752 -15.2302 -1.6073 37.1600
416 752 -17.7848 -1.4718 49.0223
432 752 -16.2294 -2.0114 37.9583
448 752 -17.4153 -1.8295 41.9726
464 752 -16.8476 -0.6039 41.9224
480 752 -14.8569  1.2584 39.9903
496 752 -17.4916  0.6953 52.3431
512 752 -16.3583  0.8290 46.6116
528 752 -14.8560  1.5005 39.2172
544 752 -15.2385  3.4115 31.8777
560 752 -14.6565  3.3440 29.4310
576 752 -13.6857  3.2917 26.3442
592 752 -21.1963  8.9136 41.5114
608 752 -22.1231  9.9696 46.1079
624 752 -19.5621 11.9155 38.1938
640 752 -19.5295 13.0233 35.0885
656 752 -24.9410 18.4341 35.0678
672 752 -24.9497 19.2810 43.6608
688 752 -23.3369 19.9644 33.5055
704 752 -27.4773 30.1934 45.3755
720 752 -28.4759 29.3103 45.6190
736 752 -19.2593 23.9381 29.0522
752 752 -15.7432 22.6864 24.9817
768 752 -9.3608 12.1313 35.2739
784 752 -7.4254  9.0966 31.9208
800 752 -0.9990 -1.2671 47.6019
816 752 -0.4347 -3.2017 39.0375
832 752  0.0827 -4.3029 32.1410
 16 768  1.8186 -0.3075 37.1028
 32 768  3.8523 -0.6398 35.7380
 48 768  6.9387 -0.4927 30.8196
 64 768 -2.2314 -7.9185 25.0986
 80 768 -1.8598 -8.6562 34.0052
 96 768  1.3770 -8.6762 57.8602
112 768 -2.8839 -8.8842 48.4604
128 768 -6.2321 -11.7010 36.4834
144 768 -25.7214 -19.0100 42.9904
160 768 -26.2419 -18.8056 38.9522
176 768 -19.0413 -13.3581 33.4313
192 768 -21.6837 -11.3282 25.6493
208 768 -23.1299 -10.8483 25.6840
224 768 -26.9511 -12.4174 44.6124
240 768 -25.4240 -11.8276 35.8993
256 768 -26.0623 -11.1261 26.6983
272 768 -26.7479 -9.7062 40.4751
288 768 -27.9483 -9.5358 42.8354
304 768 -27.7140 -9.9123 31.6900
320 768 -30.1229 -8.5195 37.6481
336 768 -28.1802 -9.0420 40.5813
352 768 -27.9479 -9.0877 42.1633
368 768 -20.9335 -4.2918 37.9547
384 768 -27.5845 -5.4380 49.5522
400 768 -23.6296 -2.6893 25.0596
416 768 -20.4954 -1.3501 41.1180
432 768 -19.4216 -1.2201 48.5641
448 768 -19.6668 -1.5066 49.6646
464 768 -19.1095 -1.0210 37.4778
480 768 -20.0766  0.1772 48.0666
496 768 -19.9031  0.5402 46.0625
512 768 -20.4910  0.9176 49.9038
528 768 -18.7102  1.9374 38.7171
544 768 -19.4847  3.3663 35.0775
560 768 -24.7614  5.6640 34.8515
576 768 -24.7026  6.8186 34.0459
592 768 -24.6534  8.9562 47.5755
608 768 -24.5951 10.1295 56.9159
624 768 -23.1019 11.5261 34.7749
640 768 -33.2919 18.9706 34.3044
656 768 -32.5674 19.5045 38.9856
672 768 -28.9627 22.8337 37.1533
688 768 -24.2882 21.5161 38.9215
704 768 -30.4811 27.7664 52.9041
720 768 -29.8484 28.6859 50.4229
736 768 -20.0130 20.8212 37.3704
752 768 -10.0528 10.6209 41.4389
768 768 -9.0636  9.7870 35.7056
784 768 -1.4845  1.0260 38.3595
800 768 -0.8920 -2.3664 42.1025
816 768 -0.6752 -4.7843 30.7689
832 768 -0.1543 -4.8121 26.4983
 16 784  1.4043  1.0416 35.2607
 32 784  3.2331  0.7161 37.6849
 48 784  4.8347 -2.5414 24.9663
 64 784  7.0257 -1.5730 27.4546
 80 784  0.1877 -7.0361 33.2092
 96 784 -0.2340 -7.6203 44.4430
112 784 -7.2558 -10.3316 37.9959
128 784 -12.3661 -9.6215 37.8026
144 784 -17.6557 -11.1445 31.2025
160 784 -21.3011 -12.2042 29.3749
176 784 -23.1226 -11.6694 35.5273
192 784 -26.2218 -12.1687 33.5096
208 784 -31.4147 -11.0817 55.2732
224 784 -30.9700 -11.2508 57.2194
240 784 -28.8953 -10.8406 39.5253
256 784 -31.2579 -9.9021 37.7257
272 784 -32.9718 -9.6145 43.8562
288 784 -31.9470 -9.7156 43.7881
304 784 -33.2538 -8.9322 30.3204
320 784 -33.0780 -8.3129 39.3032
336 784 -30.6841 -8.8826 45.9242
352 784 -31.2968 -8.8110 47.9659
368 784 -22.7667 -3.5828 37.4050
384 784 -28.4613 -5.1828 52.3355
400 784 -27.1790 -3.7056 31.1155
416 784 -25.2305 -2.0821 34.6625
432 784 -28.0108 -1.8869 54.1275
448 784 -30.2746 -2.5823 53.8779
464 784 -25.5307 -0.2614 28.4313
480 784 -25.5126  0.0919 43.3975
496 784 -24.0940  0.9064 39.6913
512 784 -27.0942  1.5267 47.5740
528 784 -29.2724  2.4887 36.1037
544 784 -32.6360  5.8005 27.6066
560 784 -27.7151  7.5203 29.0485
576 784 -31.5364  8.7863 37.7252
592 784 -32.2293  9.6008 45.6429
608 784 -29.0131 11.7916 35.6049
624 784 -38.8849 19.7555 34.4435
640 784 -37.2787 21.4692 36.9370
656 784 -35.4855 22.6583 34.8768
672 784 -30.7512 21.6058 36.8874
688 784 -27.2975 23.1638 40.3357
704 784 -24.8198 18.9393 40.6085
720 784 -21.5901 18.6715 33.8467
736 784 -10.4043 10.9363 31.4466
752 784 -9.5729  8.7979 41.4649
768 784 -8.6086  6.7648 31.7562
784 784 -0.9638 -2.0704 40.3872
800 784 -0.6208 -3.4021 34.1494
816 784 -0.9288 -4.6775 30.6954
832 784 -0.7260 -4.2251 28.3033
 16 800  0.9475  1.4975 34.6356
 32 800  2.6890  1.9162 32.3693
 48 800  5.3442  2.6611 25.3448
 64 800  6.2711  0.1351 26.8850
 80 800  6.9647 -0.5055 29.7027
 96 800 -2.1821 -5.7381 32.0622
112 800 -6.6520 -10.4840 37.8629
128 800 -12.6974 -9.3221 38.0277
144 800 -18.1482 -9.2915 37.4400
160 800 -24.0317 -8.3363 35.8909
176 800 -26.0643 -11.5065 38.8697
192 800 -28.1388 -11.3084 34.1909
208 800 -32.2087 -10.5616 43.1237
224 800 -32.4225 -10.5326 48.1829
240 800 -33.7865 -8.8892 33.3746
256 800 -33.4266 -8.6306 32.8017
272 800 -34.4886 -9.0454 39.0410
288 800 -33.1286 -9.2448 38.7571
304 800 -36.9382 -9.9189 29.6419
320 800 -39.4285 -9.2343 36.2793
336 800 -40.7924 -8.7928 40.9329
352 800 -40.5311 -7.6506 27.1357
368 800 -29.8811 -3.1449 25.3720
384 800 -44.7175 -5.8844 26.1866
400 800 -42.7283 -6.3440 33.1387
416 800 -30.5101 -2.7758 35.1743
432 800 -32.6990 -1.7035 50.1938
448 800 -32.5252 -1.8377 44.7864
464 800 -31.7804 -0.6524 28.7425
480 800 -34.7889 -0.2325 42.3449
496 800 -34.5211 -0.1734 51.7075
512 800 -34.1154  1.6675 52.7114
528 800 -34.4578  2.0352 38.4498
544 800 -40.0938  6.0791 27.2084
560 800 -41.2624  6.4791 25.5868
576 800 -38.3659  9.2494 38.6101
592 800 -36.2131 11.3025 45.8585
608 800 -34.1868 10.1618 37.1532
624 800 -41.2615 18.8236 44.5431
640 800 -38.9314 20.2057 43.3170
656 800 -36.4917 21.0126 34.7603
672 800 -31.3880 19.3114 26.4865
688 800 -26.3426 19.6436 24.2852
704 800 -16.3882 13.8589 37.7816
720 800 -10.4600 10.1035 35.5023
736 800 -4.1943  1.2013 21.1902
752 800 -3.0894 -0.9955 29.3186
768 800 -1.4444 -2.7800 34.6765
784 800  1.6796 -5.3450 30.7101
800 800  1.7737 -5.6957 28.0834
816 800  1.5981 -5.8738 29.0562
832 800  1.1656 -5.3069 25.4493
 16 816  0.2508  0.6957 45.8486
 32 816  1.1694  1.7010 36.7982
 48 816  3.3402 -0.0636 37.7029
 64 816  5.0848  0.6217 38.9447
 80 816  5.7283  0.0283 37.3538
 96 816 -1.8996 -5.2893 35.1552
112 816 -2.7873 -5.6147 35.3738
128 816 -12.2286 -6.7916 19.2547
144 816 -18.0533 -7.6360 30.7583
160 816 -24.3332 -7.2982 35.6758
176 816 -26.2001 -10.2007 40.4541
192 816 -31.1525 -8.8403 38.2151
208 816 -33.2649 -8.3680 38.7433
224 816 -35.6541 -9.6277 33.6755
240 816 -37.5953 -8.5028 39.7408
256 816 -38.6655 -8.5248 37.1669
272 816 -37.7857 -9.7010 34.1262
288 816 -34.4243 -8.0730 27.4921
304 816 -38.0581 -9.0269 36.4420
320 816 -42.0497 -8.3403 43.5416
336 816 -42.9543 -8.3184 38.8268
352 816 -44.0774 -6.9361 43.1382
368 816 -30.6554 -2.9495 34.8112
384 816 -46.7476 -7.1036 28.3302
400 816 -45.1108 -6.9227 30.0563
416 816 -37.4386 -4.4779 31.2191
432 816 -37.1812 -1.7933 40.7654
448 816 -36.3048 -2.1798 43.1092
464 816 -37.9729 -1.1700 31.5499
480 816 -39.4631 -0.9748 37.5442
496 816 -40.9173 -0.3182 52.3062
512 816 -37.9840 -0.1044 37.0089
528 816 -40.9043  0.9655 42.9796
544 816 -40.6016  3.1904 37.9179
560 816 -44.9199  6.2180 26.6811
576 816 -41.6181  7.8089 33.8090
592 816 -38.5586  9.7598 37.1462
608 816 -36.7328 11.1623 38.8535
624 816 -30.8139 11.4246 25.7390
640 816 -25.3024  9.2786 35.1170
656 816 -20.7320  7.4215 23.4263
672 816 -19.6453 11.4048 22.6219
688 816 -16.7373 12.4169 25.5382
704 816 -15.0453 12.9898 30.2774
720 816 -8.4598  7.0218 28.6230
736 816 -2.9042  0.5803 28.3609
752 816 -1.5027 -1.9745 32.4800
768 816 -0.2803 -3.5434 28.8471
784 816  2.9405 -6.6891 29.1722
800 816  2.3236 -6.6721 32.3039
816 816  1.7733 -5.1997 26.7668
832 816  0.3102 -3.6436 29.6570
 16 832  0.0752  0.4807 49.9525
 32 832  1.6500  0.9502 45.1893
 48 832  3.3645 -0.1395 41.5907
 64 832  5.1260  1.2861 42.5391
 80 832  4.9014 -0.8918 43.4493
 96 832  5.2001  1.0557 20.3537
112 832  1.3470 -2.2261 33.3618
128 832 -1.2934 -2.0632 36.4121
144 832 -6.9996 -2.1781 24.2912
160 832 -23.0181 -5.4873 34.1974
176 832 -17.9944 -4.3434 37.3821
192 832 -29.4510 -8.1829 39.2558
208 832 -32.1161 -8.1461 43.3731
224 832 -37.2491 -8.6148 42.3100
240 832 -36.3101 -8.5407 36.9405
256 832 -38.2088 -8.2003 38.7380
272 832 -38.1866 -9.0632 29.3581
288 832 -34.7820 -6.5405 24.1096
304 832 -38.2985 -8.6257 36.9888
320 832 -41.4845 -7.5826 39.0150
336 832 -43.3516 -7.0396 36.5782
352 832 -43.9188 -6.7185 39.2677
368 832 -42.7028 -6.3563 34.5301
384 832 -34.8276 -1.4524 25.9548
400 832 -35.1510 -3.1838 24.8560
416 832 -33.7790 -1.3676 32.4460
432 832 -37.0805 -2.3709 35.0670
448 832 -39.6742 -1.5916 54.5303
464 832 -39.3801 -0.9334 51.3361
480 832 -39.2662 -1.0516 33.0207
496 832 -41.2966 -0.3056 51.5646
512 832 -39.0159 -0.8882 45.1519
528 832 -39.7506 -0.0931 48.6528
544 832 -40.0270  0.5475 56.5658
560 832 -31.0648  2.4076 13.8542
576 832 -40.6242  7.7468 35.6251
592 832 -37.2079  8.0578 26.6842
608 832 -32.3197  6.4017 26.3532
624 832 -26.9954  8.3480 25.8502
640 832 -23.2422  7.5132 30.3872
656 832 -18.8998  8.0121 24.1763
672 832 -7.3878  2.2563 25.8615
688 832 -4.8502 -0.1006 29.5167
704 832 -3.5315  0.3831 31.8809
720 832 -1.8380 -0.6644 28.7856
736 832  1.5090 -0.4848 29.3881
752 832  1.5360 -1.7009 31.6881
768 832  2.0044 -4.5168 28.7386
784 832  4.6992 -5.7732 33.6247
800 832  3.2766 -6.0416 31.7062
816 832  0.9424 -4.2294 29.0815
832 832  0.2833 -3.1599 32.4704
 16 848 -0.1451  0.3449 51.9928
 32 848  2.0044  0.7487 38.5764
 48 848  3.8766 -0.1244 32.1586
 64 848  4.4879 -0.7881 35.8000
 80 848  3.7624 -0.7935 37.2375
 96 848  4.2125 -1.9447 21.6804
112 848  1.6413 -1.6690 35.7874
128 848  0.2172 -1.1636 45.3165
144 848 -2.5384  0.4100 34.8131
160 848 -6.6368 -0.8960 29.1707
176 848 -12.9284 -1.4548 34.4899
192 848 -14.3245 -1.3522 31.0969
208 848 -26.2851 -7.6171 25.5305
224 848 -33.3257 -6.4417 40.7644
240 848 -33.9334 -6.1282 30.4864
256 848 -35.8587 -7.4808 26.0292
272 848 -37.0125 -7.2364 25.2244
288 848 -35.8893 -6.7168 27.2877
304 848 -30.9139 -4.1650 33.7772
320 848 -39.0751 -5.8843 33.2478
336 848 -42.7613 -5.8954 27.2340
352 848 -31.4416 -3.0144 21.3277
368 848 -29.5075 -3.1929 20.2181
384 848 -33.6044 -2.9596 26.6112
400 848 -31.5377 -2.0313 21.2249
416 848 -32.1011 -1.8147 32.3311
432 848 -32.7608 -1.6902 32.6775
448 848 -35.7513 -1.7416 43.5199
464 848 -35.1653 -1.7590 47.4353
480 848 -31.4726 -1.7767 39.0844
496 848 -36.0601 -2.4537 46.5482
512 848 -37.2118 -1.7853 43.4159
528 848 -35.2449 -0.7712 37.7041
544 848 -35.0019  0.0416 41.8336
560 848 -26.3465  0.7407 21.2378
576 848 -28.8669  3.9532 22.9912
592 848 -23.8761  2.2376 29.6622
608 848 -20.2719  2.2542 30.3715
624 848 -14.4226  1.6527 22.2530
640 848 -11.4135  1.7596 29.0609
656 848 -8.4866  1.3965 31.9378
672 848 -5.8413  0.5778 29.9143
688 848 -1.6402 -0.6723 32.4950
704 848 -0.0860 -1.2997 33.1219
720 848  3.2980 -4.1073 25.8161
736 848  4.7309 -2.9122 27.0772
752 848  3.2217 -2.2482 31.8223
768 848  2.8364 -4.1064 34.1831
784 848  2.8916 -4.6074 34.4816
800 848  2.2992 -3.9322 34.2859
816 848  1.9146 -3.0431 35.6311
832 848  0.9759 -2.4877 36.1832
 16 864  0.1688  0.2715 34.4919
 32 864  1.3887  0.2988 30.8634
 48 864  2.9125 -0.2962 31.1457
 64 864  3.7052 -0.8378 34.7411
 80 864  3.5785 -0.9555 35.3164
 96 864  4.2411 -1.0489 33.8622
112 864  3.1443 -0.9185 33.9054
128 864  2.1070 -1.5122 36.8674
144 864  1.0408 -0.5065 39.1296
160 864 -0.8961  0.8817 39.9160
176 864 -4.6540  0.4025 26.2810
192 864 -8.9803 -0.6009 31.6015
208 864 -11.5100 -1.1225 35.0862
224 864 -16.8335 -3.6498 30.5704
240 864 -18.2663 -2.2691 25.5355
256 864 -19.3307 -1.6186 30.2365
272 864 -21.2042 -2.5992 27.6307
288 864 -24.3853 -2.7047 33.0774
304 864 -27.6921 -3.0964 34.8878
320 864 -28.4314 -2.1989 36.1217
336 864 -24.5846 -1.9268 23.1464
352 864 -28.4184 -2.7995 29.5154
368 864 -27.7956 -2.7084 23.3811
384 864 -30.2442 -3.3892 27.1275
400 864 -27.1058 -2.6802 26.1347
416 864 -29.7519 -1.3957 30.9982
432 864 -31.5153 -1.4794 37.3042
448 864 -30.4166 -1.6477 41.7630
464 864 -30.4964 -1.6717 40.7444
480 864 -29.9921 -1.7831 36.7438
496 864 -29.7237 -4.5806 29.9735
512 864 -26.0972 -4.4582 24.8448
528 864 -28.4844 -2.2326 36.8467
544 864 -27.0221 -1.5763 35.4109
560 864 -21.3322  0.0628 25.7345
576 864 -18.1267 -1.3533 34.9383
592 864 -16.3635 -1.9496 39.9815
608 864 -14.0648 -1.7651 41.5278
624 864 -10.0576 -1.3603 34.1761
640 864 -8.6883 -0.4775 36.6187
656 864 -5.3841 -0.0024 29.4847
672 864 -2.1321 -1.6230 31.0597
688 864  1.7848 -2.0327 30.9955
704 864  3.9063 -2.0089 29.6789
720 864  4.9924 -2.9567 28.1256
736 864  5.4209 -4.7443 28.1163
752 864  5.2484 -3.4254 31.3065
768 864  4.8180 -2.7736 34.3404
784 864  3.2939 -3.4312 35.7456
800 864  2.7042 -2.8821 42.6406
816 864  1.6088 -1.0787 47.2798
832 864  0.8834 -1.1617 42.6168
 16 880  0.3864  0.3120 35.8237
 32 880  1.3724  0.1365 32.8542
 48 880  2.1390 -0.2658 32.9771
 64 880  3.2655 -0.9915 33.1959
 80 880  3.4555 -1.1400 34.7920
 96 880  3.9419 -0.8149 37.1964
112 880  3.3049 -0.7219 34.2315
128 880  2.5900 -1.0026 33.0009
144 880  2.0840 -0.0247 35.7420
160 880  0.5997  0.6389 37.2368
176 880 -0.2288  0.2375 36.3175
192 880 -2.0885  0.0998 35.9068
208 880 -4.9914  0.1831 34.2757
224 880 -9.4703 -1.7106 34.8515
240 880 -9.8008 -0.9278 30.7868
256 880 -11.4108 -0.9089 27.6118
272 880 -13.1938 -1.0724 22.3996
288 880 -18.7749 -2.7596 31.3428
304 880 -20.6364 -1.8994 31.2388
320 880 -21.5471 -1.2053 31.5334
336 880 -20.0661 -1.2994 29.1765
352 880 -21.1872 -1.3621 31.2103
368 880 -19.8936 -1.6580 25.7719
384 880 -23.9357 -1.8214 29.6596
400 880 -22.2980 -1.2067 32.5115
416 880 -18.9923  0.1717 32.8482
432 880 -18.0637 -0.5018 28.3401
448 880 -24.8360 -0.7780 33.3499
464 880 -24.6474 -1.0521 32.1651
480 880 -23.4333 -0.3511 26.4454
496 880 -22.2017 -0.4313 28.4620
512 880 -21.3049 -1.2342 28.3565
528 880 -17.4411 -0.5203 21.7536
544 880 -17.4715 -0.2442 29.1144
560 880 -16.5760 -0.5704 26.6979
576 880 -14.6904 -1.1198 28.1079
592 880 -13.9605 -1.4951 34.2813
608 880 -12.6223 -1.4712 40.5298
624 880 -7.7673 -1.3282 36.8534
640 880 -5.8540 -1.1301 30.6708
656 880 -1.3728 -1.4868 33.0321
672 880  1.1170 -1.3337 36.8364
688 880  3.0606 -1.4440 33.3995
704 880  5.0347 -2.4743 33.6774
720 880  5.7842 -2.4290 37.6825
736 880  6.2193 -3.3120 38.3243
752 880  5.7122 -3.0080 35.0288
768 880  3.3412 -1.0829 38.2847
784 880  2.3829 -1.5223 39.3434
800 880  2.4391 -1.3645 45.3357
816 880  1.0489 -0.3644 46.4202
832 880  0.6116 -0.9074 42.1743
