VARIABLES= "X m", "Y m", "U m/s", "V m/s", "CHC", ZONE I=52, J=55
 16  16 -3.0600 -10.7084 28.9262
 32  16 -11.7236 -16.2645 37.2361
 48  16 -7.7185 -10.2805 41.4191
 64  16 -6.6628 -9.2504 34.5153
 80  16 -0.8611 -8.8773 31.8449
 96  16  0.7212 -8.8118 23.1540
112  16 19.1774 -3.9253 24.0854
128  16 20.6798 -2.8503 25.9972
144  16 23.2971 -3.9576 24.6171
160  16 25.1130 -5.1523 25.6723
176  16 21.3163 -3.4706 24.3232
192  16 25.0441 -2.1330 19.6454
208  16 26.7867 -1.2908 26.6852
224  16 20.6874 -1.6852 19.9569
240  16 28.3087 -1.7781 29.6179
256  16 24.2889 -1.4702 28.8895
272  16 24.4283 -2.4598 28.1033
288  16 26.6485 -3.0086 32.5712
304  16 23.2544 -3.5201 31.5937
320  16 15.5454 -2.9546 23.4467
336  16 19.1078 -2.0169 24.8475
352  16 26.5922 -0.9835 21.0378
368  16 33.4343 -0.1331 25.0537
384  16 38.1345  0.3388 16.6439
400  16 40.8346  0.3848 39.8444
416  16 41.1994 -0.1502 31.2855
432  16 39.2440 -1.2318 28.9215
448  16 35.2311 -2.2544 35.2022
464  16 29.4469 -2.8240 28.1212
480  16 23.2654 -2.4296 41.7017
496  16 20.4432 -1.9724 19.5426
512  16 27.9381 -1.7345 19.9499
528  16 38.3930 -1.9506 20.0031
544  16 48.4873 -2.5708 20.7469
560  16 54.0579 -3.3936 31.9572
576  16 53.3453 -3.9380 24.8706
592  16 45.9773 -3.7029 31.7056
608  16 33.2069 -2.4690 29.4334
624  16 20.0546 -0.2917 19.1401
640  16 17.6151  1.9185 21.5914
656  16 18.4033  1.7941 28.4908
672  16 18.2148 -0.7476 19.0770
688  16 15.1541 -0.6560 13.9969
704  16 19.2069  0.9690 25.0418
720  16 18.9149  2.0739 29.7972
736  16 16.3234  2.2458 28.9143
752  16 12.4789  1.4215 22.2772
768  16  7.2506 -0.2761 26.9216
784  16  2.8225 -2.5391 24.1108
800  16 -0.1217 -4.8421 16.6201
816  16 -3.1568 -6.7997 17.2988
832  16 -5.3893 -7.8558 16.3882
 16  32 -4.3333 -10.3749 21.8606
 32  32 -8.3293 -14.8659 29.5186
 48  32 -9.3155 -10.7782 37.0768
 64  32 -8.6014 -10.5238 39.2241
 80  32 -5.8968 -9.5229 30.3261
 96  32 -2.5262 -10.5603 24.4983
112  32  0.9382 -9.9529 19.6334
128  32  6.2139 -7.3613 15.7068
144  32 11.3546 -7.0184 19.5952
160  32 12.7313 -6.2228 20.8566
176  32 12.5238 -6.6075 20.7170
192  32 14.7217 -7.1978 15.6373
208  32 21.6185 -6.5292 17.1008
224  32 15.8919 -4.2326 21.3214
240  32 22.9925 -2.6558 22.5554
256  32 31.5217 -1.3979 25.0604
272  32 30.8992 -1.9746 25.7930
288  32 36.7994 -2.3931 22.0463
304  32 24.6199 -2.7111 25.8335
320  32 23.1873 -2.4825 21.6344
336  32 27.4514 -1.6206 24.8316
352  32 28.0413 -2.0699 20.3166
368  32 25.3432 -1.8236 23.3091
384  32 25.3621 -1.4171 25.3157
400  32 28.7111 -0.7686 27.4129
416  32 31.3033 -0.2652 27.6560
432  32 32.7314 -0.1747 25.6187
448  32 34.4398 -0.0273 25.3954
464  32 34.8451 -0.0902 21.4111
480  32 34.0407 -0.8379 22.7461
496  32 32.9045 -1.1135 27.5515
512  32 31.3836 -1.4844 27.3682
528  32 29.4404 -0.9049 16.8581
544  32 29.9957 -0.8008 27.8116
560  32 32.3120 -0.9898 26.7267
576  32 34.8000 -1.2109 16.2104
592  32 40.6952 -1.4845 18.5705
608  32 43.0561 -1.9613 24.7115
624  32 42.7647 -2.2257 21.8705
640  32 40.1724 -1.7806 24.6392
656  32 34.8600 -0.6510 28.1889
672  32 27.0314  2.2001 35.6239
688  32 22.7151  5.8917 29.0394
704  32 19.6081  8.3863 21.7790
720  32 16.3392  6.1644 22.8764
736  32 13.2227  3.1803 18.0754
752  32 12.2689  1.0266 15.4799
768  32 10.6809 -0.4874 21.1372
784  32  8.4043 -1.7019 17.3795
800  32  5.8772 -3.0499 17.9570
816  32  2.4809 -4.6259 14.1306
832  32 -0.5345 -6.5845  8.9400
 16  48 -1.3112 -8.5086 34.0014
 32  48 -3.1382 -10.4398 33.7276
 48  48 -6.7658 -9.7132 31.6470
 64  48 -6.9572 -10.5367 36.1670
 80  48 -5.5226 -10.7344 38.6130
 96  48 -2.8907 -11.4492 33.1224
112  48 -0.8801 -10.8514 34.1386
128  48  1.6986 -9.6811 36.1739
144  48  3.6887 -8.4755 30.9274
160  48  6.8334 -8.9544 25.5290
176  48  9.3858 -7.7102 28.2622
192  48 11.2462 -7.0864 27.0891
208  48 14.9346 -5.7428 22.0790
224  48 15.1211 -6.7886 21.9045
240  48 16.4995 -6.1728 25.1073
256  48 12.7991 -3.3498 19.4839
272  48 15.1017 -3.0547 27.6563
288  48 15.8594 -2.2699 26.1168
304  48 17.9891 -1.9497 31.3269
320  48 19.8728 -2.0307 24.5623
336  48 22.2078 -1.3108 24.5174
352  48 22.3815 -1.3084 25.2142
368  48 21.8660 -0.9963 26.6460
384  48 22.9342 -0.3647 25.4603
400  48 21.8288  0.4292 20.3302
416  48 24.8218 -1.2198 24.8421
432  48 25.5012 -1.0566 21.2751
448  48 28.5222 -0.4921 20.1033
464  48 28.6950 -0.1325 22.3473
480  48 27.5251 -0.6371 23.0296
496  48 28.9978 -0.4189 26.9196
512  48 29.4527  0.0834 28.0588
528  48 29.1459 -0.7042 25.8982
544  48 29.8745  0.0055 25.3865
560  48 31.3603  0.3171 25.7103
576  48 29.9158  0.4760 26.9951
592  48 32.5551 -0.0002 27.2707
608  48 32.4776 -0.4974 24.3062
624  48 28.6422 -0.5706 22.8103
640  48 34.0339 -0.4742 28.0157
656  48 33.3192 -0.7616 23.0489
672  48 32.8601 -0.9410 26.6530
688  48 33.3196 -0.2678 26.6087
704  48 32.9554  0.3002 24.1404
720  48 26.6608  3.6656 20.3140
736  48 23.3256  8.7769 17.7164
752  48 18.6656 14.5621 22.5398
768  48 13.3623 10.0154 22.4838
784  48  9.1484  4.0569 20.5686
800  48  6.5224 -0.5503 23.3533
816  48  4.1343 -3.6985 14.9662
832  48  1.9128 -5.7018 10.6490
 16  64  0.8054 -7.4687 37.9435
 32  64 -1.1695 -8.8109 37.7295
 48  64 -3.8717 -10.5244 33.9322
 64  64 -3.9185 -12.3385 33.6768
 80  64 -2.9118 -13.8174 33.9212
 96  64 -0.7519 -11.8759 27.5634
112  64  0.1442 -11.9744 30.3953
128  64  1.3111 -11.3709 32.5360
144  64  3.4444 -9.6439 26.4352
160  64  6.3234 -11.4887 22.3792
176  64  8.5651 -9.9873 28.6727
192  64  8.8917 -9.4995 30.0007
208  64 10.8729 -8.8563 32.3626
224  64 13.0419 -7.5733 28.0291
240  64 13.7549 -6.2045 23.7846
256  64 12.4373 -2.8127 29.5323
272  64 12.7196 -1.8813 25.5490
288  64 13.4109 -1.5708 25.2665
304  64 15.5364 -2.2282 30.8197
320  64 16.5673 -2.0945 31.4957
336  64 17.7753 -1.3794 29.1027
352  64 17.7667 -1.1943 30.1762
368  64 18.1149 -0.8408 29.7513
384  64 17.3853 -0.0421 25.1529
400  64 18.7840 -0.2293 27.5450
416  64 20.2651 -0.7172 26.0099
432  64 21.5772 -1.1263 27.1703
448  64 19.9335 -1.0070 23.1973
464  64 21.8280 -0.0991 30.3870
480  64 22.8241 -0.6379 27.5780
496  64 23.3492 -0.1978 27.7038
512  64 23.4518  0.2467 28.2533
528  64 23.5758 -1.0525 31.6961
544  64 22.9432 -1.3906 29.2707
560  64 24.2044 -0.7588 25.6844
576  64 24.4588 -0.5332 27.1543
592  64 24.1405 -0.5705 28.0511
608  64 25.0415 -0.3245 29.2854
624  64 21.1163 -0.7330 34.7360
640  64 24.1420 -0.9319 33.2551
656  64 24.6443 -0.7512 28.4853
672  64 23.0665 -0.1428 29.6491
688  64 24.4106 -0.0258 35.1670
704  64 21.8056  0.2470 39.8136
720  64 20.6920  0.3632 36.9820
736  64 19.9185  1.3133 33.6408
752  64 20.2880  1.7849 31.8247
768  64 17.3448  4.0709 26.8791
784  64 18.2835  7.1676 22.5206
800  64 13.3595 16.6462 17.9027
816  64  7.7901  7.2476 21.0690
832  64  3.9568 -0.1177 19.5317
 16  80  1.7489 -5.0856 28.8126
 32  80 -0.3179 -8.2745 32.4591
 48  80 -2.6439 -10.1561 32.0435
 64  80 -3.4333 -12.6098 30.2699
 80  80 -1.0115 -13.4603 30.0008
 96  80  0.1380 -13.4154 29.7007
112  80  1.2458 -14.2427 30.1793
128  80  2.3903 -13.5072 29.3007
144  80  4.7815 -10.6649 22.9959
160  80  6.2435 -13.4687 23.4160
176  80  8.4024 -10.7851 29.3829
192  80  8.5468 -9.7618 30.4713
208  80  9.7712 -9.2749 39.8927
224  80 11.5033 -8.4269 35.5424
240  80 12.4994 -6.7603 24.8148
256  80 12.1292 -2.8444 35.1478
272  80 11.4044 -2.1844 29.9171
288  80 13.0537 -2.5201 30.7386
304  80 14.7730 -1.5766 35.2533
320  80 15.3108 -2.1397 36.5902
336  80 15.2587 -1.8725 35.0633
352  80 14.2335 -1.2422 35.0071
368  80 15.7141 -1.0520 41.3215
384  80 15.2523 -1.6684 33.5841
400  80 16.4685 -1.8787 32.1271
416  80 17.8699 -1.4512 31.5122
432  80 17.5595 -1.0673 41.3529
448  80 17.1448 -1.3535 40.7976
464  80 18.4379 -0.8364 46.0836
480  80 18.6549 -0.4439 43.9822
496  80 19.7781 -0.2450 33.8920
512  80 19.0307 -0.3587 34.5830
528  80 19.3617 -1.0286 40.4935
544  80 19.1527 -1.1791 30.5559
560  80 19.5137 -0.9915 34.7035
576  80 18.9476 -0.9774 33.3690
592  80 18.2587 -0.6525 33.8725
608  80 18.4685 -0.7747 33.3056
624  80 19.1939 -1.1016 33.9537
640  80 19.7726 -0.8945 37.0226
656  80 18.7234 -0.3743 37.0459
672  80 17.0579 -0.0989 34.8607
688  80 16.4507  0.1534 40.3626
704  80 16.0333  0.2558 40.8208
720  80 15.5837  0.6686 33.9242
736  80 15.2964  1.5132 27.7059
752  80 14.5165  1.1726 27.5369
768  80 13.3219  4.1614 24.9819
784  80 11.1528  8.2055 26.9206
800  80  9.6899 18.5781 23.7766
816  80  7.7086  7.0846 19.1983
832  80  5.4675 -0.0825 15.4323
 16  96 -0.5372 -3.1040 35.0666
 32  96 -0.0565 -7.7290 32.9930
 48  96 -0.7021 -9.8292 36.8302
 64  96 -1.6117 -12.4836 36.9745
 80  96 -0.7261 -12.9700 38.0532
 96  96  0.0549 -14.2070 37.2384
112  96  3.2470 -16.7661 44.0327
128  96  3.4422 -16.4332 44.9437
144  96  6.7356 -16.4155 34.2681
160  96  8.5507 -15.3082 31.1844
176  96  7.5924 -11.9205 35.8011
192  96  7.9211 -10.1024 36.9843
208  96  9.2481 -8.5741 47.6254
224  96  9.6834 -7.6833 38.8917
240  96 10.7505 -7.7428 28.0194
256  96 12.0963 -5.9171 34.9763
272  96 11.6145 -5.0695 29.7439
288  96 12.0020 -3.2191 33.5535
304  96 13.3392 -2.5118 40.3969
320  96 13.2721 -1.1718 43.7265
336  96 13.3428 -1.2202 41.8056
352  96 12.6215 -1.3881 38.7391
368  96 14.3545 -1.8106 38.5835
384  96 14.4208 -1.5308 31.9136
400  96 15.1769 -1.6309 34.0993
416  96 15.5567 -1.4761 35.4537
432  96 15.8026 -1.0917 40.8164
448  96 15.1570 -1.6745 35.1321
464  96 16.6971 -1.2352 39.3897
480  96 17.2495 -1.0552 38.3601
496  96 16.8294 -0.4173 36.3921
512  96 17.2641 -0.6746 34.0348
528  96 17.4759 -1.0450 36.4200
544  96 16.8362 -0.8214 34.3889
560  96 17.8009 -1.1121 39.2748
576  96 17.2392 -1.1142 37.5011
592  96 17.2931 -0.7739 38.6847
608  96 16.8649 -0.6877 40.0699
624  96 16.4678 -0.7011 37.6510
640  96 16.8142 -0.5952 38.6253
656  96 15.5040 -0.3368 33.5221
672  96 13.6325  0.2858 40.3204
688  96 12.8519  0.3689 41.1567
704  96 12.5313  0.1197 42.1286
720  96 11.7647  0.5537 36.0448
736  96 10.8090  1.2733 28.9078
752  96  9.5114  1.9980 28.4864
768  96  8.7232  5.8850 23.5640
784  96  7.8896 10.2346 30.1008
800  96  7.2999 16.0821 22.9531
816  96  5.6885  6.6108 18.1740
832  96  2.4583 -0.2003 25.4925
 16 112 -1.1140 -4.3721 25.5639
 32 112  1.0584 -7.1191 33.0789
 48 112  0.4845 -10.4371 48.9813
 64 112  0.1692 -11.4480 46.6990
 80 112 -0.3462 -14.0497 36.4454
 96 112  2.0490 -16.5867 41.1195
112 112  2.4800 -17.3305 45.2216
128 112  3.6822 -16.6560 42.4240
144 112  6.0119 -18.1000 36.7923
160 112  8.2749 -17.2079 38.6480
176 112  8.7890 -15.4772 34.4561
192 112  7.6138 -11.9534 35.2459
208 112  8.7083 -9.8750 40.7880
224 112  9.0715 -8.4844 41.9700
240 112  9.8441 -8.2631 34.6944
256 112 11.3132 -6.5203 34.0715
272 112 10.2994 -4.3246 29.4202
288 112 10.3346 -2.6871 34.7804
304 112 10.9813 -2.9336 37.8750
320 112 11.8971 -1.7610 41.9945
336 112 12.8583 -1.3314 44.1558
352 112 12.6468 -1.7088 40.6831
368 112 13.5844 -1.9315 36.6139
384 112 13.4078 -1.4693 35.3240
400 112 13.4613 -1.4972 39.4873
416 112 13.5989 -1.5867 40.1745
432 112 13.7425 -1.5658 37.8306
448 112 14.2793 -0.5712 36.6102
464 112 15.3624 -0.8348 34.9149
480 112 16.0365 -1.2041 35.4407
496 112 15.4177 -1.3834 37.1097
512 112 14.7571  0.0941 36.5958
528 112 15.0216 -1.6332 35.9831
544 112 15.7393 -1.3055 38.1651
560 112 15.9017 -1.3792 36.4375
576 112 14.8206 -1.3837 36.6994
592 112 14.8871 -0.9567 42.7511
608 112 15.1614 -0.8531 45.3881
624 112 14.3796 -0.3562 45.1423
640 112 13.0928 -0.1212 43.2914
656 112 12.5523 -0.0162 39.1799
672 112 12.3685  0.4531 42.4562
688 112 11.7458  0.9624 40.6115
704 112 10.8126  1.0728 39.9918
720 112 10.1687  1.3289 37.7708
736 112  9.1582  2.1123 31.9163
752 112  8.2644  4.4325 25.9871
768 112  6.4864  7.4449 24.9560
784 112  3.4110 11.5081 25.7845
800 112  2.4313 16.5169 25.4588
816 112  0.9247 24.5055 19.1826
832 112  0.4323  7.8700 16.8034
 16 128 -0.8033 -4.0712 37.6665
 32 128  0.9864 -6.2652 37.3089
 48 128  0.2405 -10.6897 48.4169
 64 128  0.2397 -11.4148 46.1724
 80 128  1.1513 -15.1654 31.2315
 96 128  1.3424 -16.5878 46.2938
112 128  1.5860 -17.8307 52.1953
128 128  2.5071 -17.1361 38.4029
144 128  3.0710 -14.4670 33.2010
160 128  6.9419 -17.4890 33.1947
176 128  7.8882 -16.4985 27.7455
192 128  7.5844 -11.8899 31.0934
208 128  8.3347 -10.7901 42.9215
224 128  8.2726 -9.2900 42.5533
240 128  9.2563 -7.6094 40.1677
256 128 10.2746 -5.9866 34.4194
272 128  9.4319 -3.9942 31.6898
288 128  9.3647 -3.3337 36.8051
304 128  9.6838 -2.8854 37.3807
320 128 10.0728 -2.6509 36.8782
336 128 10.2277 -1.6227 46.3534
352 128 11.7278 -0.9392 44.8671
368 128 13.0182 -1.2063 38.9875
384 128 12.8818 -1.4089 33.6598
400 128 12.7543 -1.8240 34.9751
416 128 13.0653 -1.7353 36.2407
432 128 12.2703 -1.5902 37.9322
448 128 13.6742 -1.2856 42.9618
464 128 13.8021 -1.0754 41.6625
480 128 14.5197 -1.4122 41.1989
496 128 14.3632 -1.8713 36.8265
512 128 13.7263 -1.2882 42.7964
528 128 14.4502 -0.9586 38.3090
544 128 14.4637 -0.8413 40.8619
560 128 13.5949 -1.4400 45.3890
576 128 13.5567 -0.9608 39.2045
592 128 12.4409 -0.6020 46.0419
608 128 12.9358 -0.5819 55.5506
624 128 12.9347 -0.3594 43.7948
640 128 11.2212 -0.1412 42.6519
656 128 10.7413  0.0782 41.0427
672 128 11.1297  0.5945 36.7970
688 128 10.4100  1.4584 39.6037
704 128  9.4267  1.6195 37.6952
720 128  8.6346  2.1184 31.9777
736 128  8.2797  2.9949 28.6081
752 128  6.4091  5.8558 27.3234
768 128  4.6812  7.8627 24.0255
784 128  2.7829 12.0376 25.7576
800 128  1.2076 18.1956 28.0305
816 128  1.2209  7.9093 30.9934
832 128  0.1089  2.2667 35.9652
 16 144 -0.6853 -3.3705 42.1495
 32 144  0.5741 -5.6620 29.6936
 48 144 -0.2165 -10.8587 45.2982
 64 144 -0.2482 -12.5282 38.5389
 80 144  1.0807 -17.4533 38.2310
 96 144  1.8236 -18.3516 43.6698
112 144  2.2196 -18.1356 48.3955
128 144  2.6262 -17.8084 36.4588
144 144  5.1607 -19.3617 33.4588
160 144  5.1191 -17.5486 30.2236
176 144  6.2867 -15.8300 31.4614
192 144  5.4709 -13.8950 32.9272
208 144  6.1188 -11.0947 37.1142
224 144  6.5130 -9.6748 43.4796
240 144  6.9452 -7.9260 39.2400
256 144  7.8109 -5.8352 36.3944
272 144  8.8645 -5.2546 39.6525
288 144  7.6775 -4.8717 37.3650
304 144  8.6063 -4.0857 37.3604
320 144 10.0308 -3.8916 31.9985
336 144  9.7659 -2.0101 42.3941
352 144 10.6233 -0.9956 47.3300
368 144 12.4162 -1.4041 37.9946
384 144 12.2068 -1.3417 35.6419
400 144 12.2630 -2.0331 36.1954
416 144 12.6915 -2.4352 32.1049
432 144 12.3169 -1.7897 38.9773
448 144 13.1816 -1.6606 39.2983
464 144 13.2378 -1.4221 36.9909
480 144 13.2557 -1.6663 37.5262
496 144 12.2226 -2.4913 34.9178
512 144 13.1742 -2.0228 41.8656
528 144 13.5892 -1.5726 36.2898
544 144 12.6497 -1.6349 36.5276
560 144 11.9830 -1.3341 44.0553
576 144 12.4783 -1.1541 40.2117
592 144 11.7930 -0.7668 49.6027
608 144 11.4736 -0.5979 50.5988
624 144 11.6219 -0.1267 43.5480
640 144 10.4674  0.0816 40.7380
656 144  9.7209  0.3353 39.4676
672 144  9.2904  1.3006 35.5063
688 144  8.7818  1.8693 37.6944
704 144  8.5028  2.4657 32.6574
720 144  7.2585  3.0026 28.3291
736 144  6.2397  4.1304 25.7264
752 144  4.9814  7.0283 31.8722
768 144  3.8710  9.1007 33.7149
784 144  2.8748 12.5348 29.9124
800 144  1.2176 19.2887 28.4877
816 144  1.1072  8.8335 23.0104
832 144  0.5648  3.3798 25.6668
 16 160 -0.0469 -2.1407 37.5381
 32 160  0.2304 -8.5507 52.7466
 48 160  0.6246 -11.0021 43.7842
 64 160  0.8813 -14.8442 31.8242
 80 160  1.5170 -16.7890 35.7677
 96 160  2.2988 -18.2378 36.6050
112 160  2.5314 -19.1858 41.9123
128 160  3.5392 -18.9882 40.8309
144 160  4.6273 -17.5903 38.1938
160 160  5.1015 -17.4541 33.6270
176 160  5.5471 -15.9859 34.0552
192 160  4.5786 -11.4854 34.0284
208 160  4.8748 -10.5717 31.2333
224 160  5.7462 -10.0063 40.4100
240 160  6.3643 -8.8016 38.9611
256 160  7.9771 -8.2558 36.4242
272 160  9.0431 -7.0139 40.9125
288 160  8.5832 -5.7357 33.4600
304 160  8.9905 -4.6256 35.2538
320 160 10.3274 -3.9664 36.6109
336 160 10.1042 -2.5348 40.6089
352 160  9.4017 -1.7135 48.0323
368 160 11.2835 -2.0850 41.3169
384 160 11.1496 -1.8793 38.5805
400 160 11.5202 -2.4383 35.4949
416 160 11.7859 -3.1607 30.5328
432 160 11.2775 -1.9969 37.4902
448 160 11.7842 -1.6994 36.3794
464 160 12.3821 -1.4300 34.8241
480 160 12.7830 -1.8876 34.3448
496 160 11.4301 -2.2399 34.5809
512 160 12.3371 -2.1848 36.9648
528 160 12.2618 -2.4942 37.2073
544 160 11.8349 -2.6722 40.7971
560 160 12.1449 -1.4383 42.0536
576 160 11.9560 -1.3897 39.7108
592 160 11.4936 -0.9037 53.6704
608 160 10.7158 -0.6355 45.9183
624 160 10.8210 -0.3457 42.4632
640 160 10.0266  0.0809 42.6843
656 160  8.9869  0.8376 44.5359
672 160  8.1390  1.6971 48.9489
688 160  8.1260  2.0280 38.4800
704 160  8.1593  2.9515 32.6638
720 160  6.7417  4.3272 26.2604
736 160  6.2788  6.0930 22.8665
752 160  5.1559  7.7252 26.7702
768 160  3.3341 10.2371 31.8351
784 160  2.1705 14.1510 26.1451
800 160  1.5071 23.1177 33.5092
816 160  1.3531 10.4291 25.4791
832 160  0.8762  3.4905 33.4101
 16 176  0.1096 -3.3687 30.5501
 32 176  0.5631 -8.5907 45.7265
 48 176  0.7520 -10.9941 41.2523
 64 176  0.7500 -16.1877 32.7323
 80 176  1.4801 -18.1499 35.8660
 96 176  1.7409 -19.9161 41.2554
112 176  1.7066 -20.8292 30.8960
128 176  2.6468 -19.1732 29.5159
144 176  3.2228 -19.4004 34.9735
160 176  4.5050 -16.3966 36.6237
176 176  3.3734 -14.7136 39.8504
192 176  3.6889 -11.7672 36.9745
208 176  4.8070 -10.3828 32.5381
224 176  6.5946 -10.5746 37.7671
240 176  7.2320 -9.1972 35.4131
256 176  8.0381 -8.8374 38.8500
272 176  8.3623 -8.2264 38.7972
288 176  8.4309 -6.6969 34.2855
304 176  8.9493 -4.8219 31.8778
320 176  9.3691 -3.8407 37.7856
336 176  9.1625 -3.7322 37.7770
352 176 10.0873 -2.5298 46.1237
368 176 10.6196 -3.0505 42.2089
384 176 10.6828 -2.9799 37.4195
400 176 11.3940 -2.4390 33.3178
416 176 10.9920 -3.2281 32.1859
432 176  9.8582 -2.2726 35.9883
448 176  9.5407 -1.6744 34.9720
464 176 11.2803 -1.4072 35.9695
480 176 12.3894 -1.8631 37.9030
496 176 11.4071 -2.2599 38.2078
512 176 11.9545 -2.0610 35.5489
528 176 11.1514 -2.2636 35.7878
544 176 10.2638 -2.3212 52.6522
560 176 10.5144 -1.5733 48.5369
576 176 10.7442 -1.0012 50.3658
592 176 10.3379 -0.6955 49.6711
608 176  9.9662 -0.5194 45.8078
624 176  9.6913 -0.1649 46.9385
640 176  9.2357  0.4594 47.8042
656 176  8.7689  1.1574 49.8427
672 176  7.5981  1.5219 44.6593
688 176  7.9646  1.8854 35.4106
704 176  8.2497  3.2626 31.6607
720 176  6.3523  6.0618 29.5475
736 176  5.9219  7.2381 25.7418
752 176  4.2302  7.7504 26.1076
768 176  2.3983 10.3216 30.8243
784 176  1.1749 14.4253 27.6683
800 176  1.1668  8.0357 34.5242
816 176  0.7860  4.0055 24.4583
832 176  0.2769  1.4062 21.5459
 16 192 -0.0401 -3.2443 33.5599
 32 192  0.8019 -9.1051 41.2744
 48 192  0.9606 -10.7301 46.2727
 64 192  1.3030 -17.0603 46.9987
 80 192  0.9657 -19.9289 48.3963
 96 192  0.4547 -21.1159 45.5749
112 192  0.8750 -21.9343 43.9913
128 192  1.2815 -21.4921 41.2282
144 192  1.7726 -19.8766 37.0013
160 192  4.0240 -17.6966 30.8428
176 192  2.5977 -14.0938 34.6545
192 192  2.9691 -12.3196 32.5824
208 192  4.8229 -11.0555 30.0889
224 192  6.1799 -11.8410 35.2632
240 192  7.0579 -10.2381 39.7656
256 192  7.2316 -8.5241 41.5570
272 192  7.4335 -7.5542 38.7439
288 192  8.1626 -6.6861 35.2573
304 192  8.6016 -4.6110 35.0343
320 192  8.4503 -4.6193 34.2901
336 192  8.3782 -4.9893 31.9723
352 192  9.4923 -3.3015 40.5224
368 192  9.7834 -3.3387 39.3451
384 192  9.8954 -3.5146 40.3087
400 192 10.4141 -3.0175 38.2660
416 192 11.0936 -2.9345 39.9843
432 192  9.4983 -2.8201 38.8863
448 192  9.4649 -2.8856 41.9542
464 192 10.3148 -2.8005 42.5749
480 192 11.2614 -2.5397 42.1966
496 192 10.8347 -2.6268 39.8149
512 192 11.2686 -2.4298 37.1210
528 192 10.7422 -2.3959 37.6349
544 192  9.8669 -2.2536 43.8831
560 192  9.9174 -1.8571 41.7210
576 192 10.3148 -0.9264 38.2370
592 192 10.0888 -0.5668 45.1361
608 192  9.0404 -0.3504 48.6864
624 192  8.6243  0.1397 48.0194
640 192  8.5484  0.9376 42.9925
656 192  8.1337  1.2696 40.1091
672 192  6.3261  2.0229 27.2493
688 192  7.0464  2.6341 30.3063
704 192  6.7047  4.6390 28.5125
720 192  5.6670  6.5402 30.1315
736 192  5.1902  7.5471 29.2206
752 192  3.1173  8.4669 33.0256
768 192  1.8350 11.2206 34.7007
784 192  0.7167 16.0090 27.0378
800 192  0.6200  8.4167 26.6278
816 192  0.1633  4.5474 24.4311
832 192 -0.3576  2.9837 21.8459
 16 208 -0.2433 -3.7416 35.4795
 32 208  0.3186 -8.8118 39.9497
 48 208  0.5418 -11.5788 47.0100
 64 208  1.1164 -15.7311 44.2050
 80 208  0.9192 -19.8286 51.4767
 96 208  0.1247 -20.8606 47.8618
112 208  0.7761 -22.1295 44.8643
128 208  1.2417 -21.8485 45.4326
144 208  1.5241 -19.6284 38.4719
160 208  2.8563 -16.4498 33.4285
176 208  2.3740 -14.7497 31.7418
192 208  3.0118 -12.3875 28.7447
208 208  4.5009 -10.3599 29.2071
224 208  5.4073 -12.2085 33.2811
240 208  6.4372 -10.4971 39.1635
256 208  6.1979 -8.8351 36.8193
272 208  8.2128 -8.5223 35.1786
288 208  9.4328 -8.1696 37.0624
304 208  9.1271 -6.6058 39.4369
320 208  9.0215 -5.9044 33.8969
336 208  9.0002 -4.7255 29.6951
352 208  8.6223 -4.2667 34.8444
368 208  8.9638 -4.2694 41.8120
384 208  9.4601 -4.3739 43.9509
400 208 10.1730 -4.5794 41.5282
416 208 10.3111 -3.9545 37.1170
432 208  9.6403 -3.3259 38.1423
448 208  9.7122 -3.3511 41.3457
464 208 10.3343 -3.4245 39.4403
480 208 10.4082 -3.6491 40.4609
496 208 10.1427 -3.4872 39.5492
512 208 10.0154 -2.2337 40.6263
528 208 10.1717 -2.4881 38.9265
544 208  9.7709 -2.7489 37.4982
560 208  9.7536 -2.0952 36.5357
576 208  9.7914 -1.0185 34.3273
592 208  9.3168 -0.4537 46.2812
608 208  8.4376 -0.1363 45.8953
624 208  8.0673  0.2181 44.6285
640 208  7.8791  1.0590 41.6633
656 208  8.2205  1.4630 36.8596
672 208  6.8569  2.9548 27.3706
688 208  6.8247  3.8985 28.1691
704 208  5.2645  4.8626 27.3808
720 208  4.9432  5.7300 26.0366
736 208  4.3687  7.6431 28.5241
752 208  2.8025  9.5588 32.7070
768 208  2.0277 11.8630 33.5923
784 208  1.0949 19.4019 34.8453
800 208  0.3771 24.1438 28.6667
816 208  0.1948 11.4779 17.2826
832 208 -0.0923  4.1257 19.7810
 16 224 -0.1187 -4.1885 33.4484
 32 224  0.2623 -9.3363 44.8743
 48 224  0.3827 -11.7537 45.9781
 64 224  1.3270 -16.5958 40.9416
 80 224  1.4078 -20.4682 53.4464
 96 224  1.3664 -22.1420 44.0892
112 224  1.4965 -23.3952 30.5483
128 224  1.3364 -23.5736 36.8899
144 224  1.8858 -22.2194 38.4614
160 224  2.2482 -18.4618 37.9423
176 224  3.0853 -15.2035 37.9041
192 224  2.6112 -13.7165 35.1289
208 224  3.9065 -12.6937 30.1580
224 224  4.1207 -11.6014 32.0432
240 224  4.9376 -8.6698 31.3463
256 224  5.8304 -9.4831 36.4606
272 224  7.5402 -8.9754 36.7534
288 224  8.5858 -8.3337 39.9141
304 224  8.2886 -7.6099 44.1438
320 224  7.4735 -6.9995 36.2845
336 224  8.5444 -5.0610 32.8131
352 224  9.2608 -5.8070 39.3007
368 224  9.6957 -5.3590 39.4061
384 224  9.3848 -4.4104 40.3424
400 224 10.0751 -5.0768 38.2043
416 224 10.0778 -5.1852 36.2310
432 224  9.8699 -3.8733 40.3684
448 224 10.2670 -3.6722 42.7106
464 224 10.3695 -3.5828 34.6930
480 224  9.9941 -4.1078 34.6702
496 224  9.5280 -3.6942 34.2373
512 224  9.5767 -1.7094 38.2833
528 224  9.2274 -2.3898 36.5909
544 224  8.2836 -2.6315 34.5089
560 224  8.7993 -1.2243 42.5563
576 224  8.2768 -0.9709 38.0339
592 224  8.4313 -0.4713 45.7448
608 224  8.3050  0.0019 41.9582
624 224  8.1272  0.4248 37.8575
640 224  7.7653  0.9104 38.1534
656 224  7.5636  1.4256 32.2708
672 224  7.4826  2.6164 31.4342
688 224  6.6548  4.9406 26.0601
704 224  5.3392  5.4459 23.5289
720 224  4.7181  6.0532 28.0193
736 224  3.7008  7.8568 28.6841
752 224  2.1659 10.0124 32.7437
768 224  1.7420 12.9511 33.9494
784 224  0.9278 19.9659 35.8130
800 224 -0.0692 25.5992 27.3229
816 224  0.2517 11.7259 18.4614
832 224  0.0990  3.9843 16.4186
 16 240  0.2439 -3.1749 42.4634
 32 240  0.7501 -9.2004 38.4660
 48 240  1.0025 -14.8531 44.0383
 64 240  0.9145 -17.2412 53.1524
 80 240  1.5638 -20.9246 54.0671
 96 240  1.4476 -22.4033 51.3554
112 240  1.2075 -22.6915 38.1666
128 240  1.6536 -22.1585 31.2375
144 240  1.7881 -21.7216 35.7691
160 240  2.0635 -21.2717 41.2853
176 240  3.9250 -15.4391 31.4720
192 240  3.4021 -14.4728 32.4848
208 240  5.8792 -16.5952 32.2714
224 240  4.9134 -11.7365 32.1392
240 240  5.5707 -10.8330 39.1682
256 240  6.0677 -9.2309 39.3382
272 240  7.7877 -8.2648 34.0186
288 240  8.1605 -8.4374 39.6019
304 240  7.7797 -7.1941 39.1274
320 240  7.1629 -6.8151 35.5072
336 240  8.0248 -7.2074 48.7270
352 240  8.7129 -6.8958 43.8047
368 240  9.2601 -5.3605 34.6987
384 240  8.9601 -4.7211 36.4819
400 240  9.4634 -5.1418 35.7809
416 240 10.1291 -5.3089 34.7665
432 240 10.4035 -4.5227 36.1367
448 240  9.8614 -4.2729 38.6515
464 240  9.3447 -4.1282 33.9807
480 240  8.8596 -4.2124 29.0930
496 240  9.5309 -2.9459 30.9580
512 240  9.4989 -2.2620 35.8419
528 240  9.0368 -2.1362 39.9251
544 240  8.2900 -1.8456 41.4453
560 240  8.7525 -1.2640 41.1355
576 240  8.3725 -1.1186 37.3259
592 240  8.4334 -0.7023 41.9829
608 240  7.7390  0.4868 32.8121
624 240  7.1037  0.5652 30.1657
640 240  6.6024  1.0742 29.1843
656 240  6.0482  2.5924 25.8875
672 240  6.0632  3.1486 26.1713
688 240  5.4537  4.1256 26.8121
704 240  4.6968  5.5465 24.7464
720 240  4.0996  6.9066 27.2954
736 240  2.9001  8.6481 27.5776
752 240  2.0523 10.3857 30.1129
768 240  1.9032 13.1486 30.3522
784 240  0.8570 20.2902 31.2301
800 240 -0.0275 24.9170 28.2186
816 240  0.1729 11.3852 20.3629
832 240 -0.0422  3.7812 21.5417
 16 256  0.1642 -4.5646 38.1083
 32 256  0.8778 -9.8302 40.9922
 48 256  0.7344 -16.0154 50.6735
 64 256  0.8570 -17.6837 53.0540
 80 256  1.5727 -21.4113 47.0873
 96 256  1.4087 -23.3891 49.7839
112 256  1.5802 -24.2246 46.7091
128 256  2.3457 -23.2422 37.4988
144 256  1.8003 -22.6841 40.2661
160 256  1.7803 -21.5244 42.9200
176 256  2.9673 -17.5659 30.7453
192 256  5.5740 -17.2911 29.4641
208 256  6.3302 -16.0632 31.7608
224 256  4.9847 -9.9804 29.0364
240 256  5.4288 -10.7463 36.8839
256 256  6.0551 -10.2258 45.2559
272 256  8.1554 -9.4965 40.8729
288 256  8.5053 -9.3135 44.2474
304 256  7.0608 -8.0616 38.4553
320 256  8.1809 -6.7547 37.2716
336 256  7.5975 -6.5951 36.5518
352 256  7.9111 -6.5623 34.6256
368 256  8.0383 -5.2352 30.1090
384 256  8.6525 -4.8603 32.7282
400 256  9.5796 -5.2535 38.0002
416 256  9.3517 -4.9903 33.5288
432 256  9.4910 -4.3378 29.9942
448 256  9.5638 -4.4611 31.2894
464 256  8.9592 -4.0962 33.5257
480 256  8.6146 -3.3847 28.3797
496 256  9.5476 -2.6526 30.5599
512 256  9.4395 -2.3134 32.2206
528 256  8.8173 -1.9308 33.7423
544 256  8.6470 -1.6323 40.1764
560 256  8.7661 -1.1363 40.5091
576 256  8.2438 -0.6834 35.6188
592 256  7.3100 -0.6483 35.8345
608 256  6.1011  0.5953 32.0946
624 256  5.9949  1.2480 29.3368
640 256  5.8263  1.7568 29.2354
656 256  5.7457  2.6058 26.8760
672 256  5.2010  3.7914 20.8793
688 256  4.4498  5.2817 22.6855
704 256  3.8097  6.2518 26.6376
720 256  3.3339  7.5359 25.9187
736 256  2.2542  9.0245 27.2021
752 256  2.1175 10.8154 30.1056
768 256  1.9271 14.4903 31.1750
784 256  0.6001 21.3099 34.3306
800 256  0.3468 10.9012 32.7744
816 256  0.3503  4.5447 24.4120
832 256  0.2758  0.7779 22.2519
 16 272  0.2899 -6.5571 29.4796
 32 272  0.7290 -11.0858 40.2208
 48 272  0.4880 -14.9121 37.5692
 64 272  0.9489 -17.5231 40.4363
 80 272  2.0169 -21.6813 40.6860
 96 272  2.4686 -25.1170 48.0142
112 272  1.3397 -24.6328 46.4416
128 272  1.7080 -22.6632 39.7805
144 272  2.1754 -21.3419 42.7758
160 272  2.6239 -20.3115 51.7838
176 272  2.7758 -18.6534 41.1077
192 272  4.7111 -15.7851 30.9867
208 272  3.2416 -13.8276 31.5979
224 272  5.1123 -13.6982 30.4488
240 272  5.6919 -12.6972 35.8818
256 272  6.2069 -10.8422 40.1576
272 272  7.9621 -9.6036 40.4951
288 272  8.3997 -9.2387 45.1943
304 272  7.2283 -8.0360 41.8026
320 272  7.3645 -6.1082 33.0887
336 272  8.5283 -6.0637 33.8870
352 272  6.8147 -5.0935 26.0260
368 272  8.3516 -5.1269 33.7480
384 272  8.1106 -5.3653 28.1472
400 272  8.9413 -5.9601 36.8216
416 272  9.0280 -4.7962 35.1612
432 272  8.5214 -4.3965 30.8401
448 272  8.8129 -4.1994 29.2005
464 272  8.5608 -3.4792 27.8851
480 272  8.9541 -4.0445 27.9926
496 272  8.6641 -3.3196 30.7004
512 272  8.2667 -2.2289 34.4900
528 272  7.4558 -1.7844 31.5920
544 272  7.8916 -1.6449 35.6903
560 272  7.8029 -0.9331 35.0102
576 272  7.2193 -0.5982 31.9671
592 272  6.1175 -0.1103 33.0373
608 272  5.8321  0.9974 34.0966
624 272  5.3082  2.1265 27.3927
640 272  4.8775  2.3503 26.2535
656 272  5.0841  1.7854 25.9179
672 272  3.7415  4.2279 20.9668
688 272  4.3482  5.3415 19.6862
704 272  2.6301  6.5947 25.3331
720 272  2.9963  8.0857 27.2926
736 272  2.2248  9.3996 32.0206
752 272  1.8436 11.1349 33.9076
768 272  1.5054 14.9418 31.5127
784 272  0.7427 19.1162 35.1351
800 272  0.5780  8.0377 28.8594
816 272  0.5125  4.8357 19.1155
832 272  0.2834  3.7096 17.5935
 16 288  0.2562 -5.2208 34.2865
 32 288  0.2788 -11.2376 45.4748
 48 288  0.8445 -16.0877 44.6255
 64 288  0.8244 -18.4696 42.4594
 80 288  2.0444 -21.6680 41.2529
 96 288  2.9476 -23.2427 55.7200
112 288  1.3081 -23.3235 50.9132
128 288  1.3641 -23.0153 39.8805
144 288  2.2194 -22.1637 45.0124
160 288  2.5021 -20.5545 43.2595
176 288  2.4241 -19.0703 38.6667
192 288  3.4969 -16.3876 33.2193
208 288  2.7168 -13.0597 30.8807
224 288  5.3036 -14.3790 29.2417
240 288  6.1312 -13.1024 34.8244
256 288  6.2589 -11.2599 39.2205
272 288  7.5129 -9.3829 38.7833
288 288  8.1279 -8.1685 37.4601
304 288  7.5558 -7.4261 39.7570
320 288  6.9445 -7.4697 39.2657
336 288  8.2232 -7.0519 42.5812
352 288  7.3692 -5.5116 33.6477
368 288  8.9347 -4.8990 37.5174
384 288  9.2906 -5.4286 29.3435
400 288  7.6470 -4.8712 32.1373
416 288  7.9924 -3.8794 36.6578
432 288  8.4939 -4.4604 35.2899
448 288  8.6777 -4.2230 33.1891
464 288  8.3927 -3.1603 31.3946
480 288  8.6048 -3.7953 31.1091
496 288  8.0310 -3.3460 33.0170
512 288  7.3681 -2.3456 36.5581
528 288  6.5001 -1.7394 31.7431
544 288  6.9676 -1.3186 34.0726
560 288  6.9684 -0.8971 32.5436
576 288  6.8675 -0.6242 34.8227
592 288  5.5740  0.2673 31.1325
608 288  5.5379  0.9260 28.7687
624 288  5.3761  1.4679 27.3297
640 288  3.7027  2.5157 24.7153
656 288  4.3072  3.3763 25.9098
672 288  3.5204  4.1909 23.2957
688 288  3.3082  6.2096 24.5676
704 288  2.5731  7.0045 29.1206
720 288  2.6505  7.9581 31.5915
736 288  1.9142  9.2097 37.5447
752 288  1.4418 11.0129 36.2691
768 288  1.3384 16.3947 27.3559
784 288 -0.3827 27.0282 30.9900
800 288  0.0191 13.8542 27.8686
816 288  0.1590  6.7747 20.7501
832 288 -0.5025  4.9109 18.8688
 16 304  0.0433 -5.1314 34.0540
 32 304  0.4240 -11.5000 43.9266
 48 304  1.1030 -15.2004 34.4866
 64 304  0.8619 -19.1196 43.4560
 80 304  1.8029 -21.7136 48.0007
 96 304  2.4832 -22.4265 46.9914
112 304  3.2578 -20.9926 36.6110
128 304  2.9188 -21.8452 34.6946
144 304  2.2863 -22.5329 37.9111
160 304  2.6664 -21.3822 31.3500
176 304  3.4293 -19.6078 31.0879
192 304  4.1341 -18.3627 28.8385
208 304  5.2581 -17.1224 27.2218
224 304  4.2097 -13.5330 30.1568
240 304  5.3109 -13.5136 30.4347
256 304  6.5441 -11.0757 37.2514
272 304  7.2149 -9.4082 46.5675
288 304  7.2102 -8.6215 43.6833
304 304  7.2485 -7.5106 37.3940
320 304  7.1124 -6.8402 36.4112
336 304  7.2707 -6.4658 36.9590
352 304  7.7903 -5.7143 34.6222
368 304  8.0487 -5.4315 30.8830
384 304  8.3433 -5.4822 25.2462
400 304  7.6927 -4.4176 28.6983
416 304  7.6109 -5.0338 29.6661
432 304  8.1892 -5.4148 31.2508
448 304  7.9786 -4.1866 30.1382
464 304  8.2734 -2.8034 34.4784
480 304  7.5050 -2.4908 31.5643
496 304  7.5103 -2.0388 37.9534
512 304  7.2144 -1.6397 37.2308
528 304  6.7278 -1.4285 32.6622
544 304  6.3535 -1.1063 31.2655
560 304  5.4431 -0.9619 27.3524
576 304  6.2905 -0.7978 30.8824
592 304  5.1785  0.4449 27.6611
608 304  4.9994  1.5294 25.5655
624 304  5.2652  1.2201 26.7544
640 304  4.2042  3.4658 24.6247
656 304  4.0671  3.1998 27.6002
672 304  3.8185  3.6770 25.8285
688 304  2.3730  6.5154 26.5611
704 304  2.4984  7.4900 31.6047
720 304  2.4906  8.2914 31.9691
736 304  1.4482  9.5941 32.0439
752 304  1.0331 12.1778 30.3399
768 304  1.1728 17.4350 24.4602
784 304 -1.0532 28.5727 26.6550
800 304 -0.5881 15.2112 28.7888
816 304 -0.1708  7.7486 29.4309
832 304 -0.6926  7.3257 18.1083
 16 320  0.1369 -3.8890 36.7344
 32 320  0.9626 -12.1481 39.6442
 48 320  0.7311 -14.9736 29.9192
 64 320  1.9409 -21.2648 51.7291
 80 320  2.6240 -23.2029 50.5952
 96 320  3.2298 -23.3888 41.4095
112 320  3.7341 -23.0802 35.8675
128 320  3.1215 -23.5155 38.2628
144 320  2.3209 -23.0281 38.3730
160 320  3.1632 -21.9204 28.3517
176 320  3.7205 -19.4714 30.6280
192 320  3.6431 -17.8062 28.6604
208 320  4.7687 -16.3237 27.8863
224 320  6.2817 -15.6923 33.8703
240 320  5.6326 -13.7675 34.4534
256 320  6.4327 -10.7914 36.3168
272 320  6.8779 -9.2583 39.8216
288 320  6.9727 -8.4650 41.5957
304 320  6.9595 -7.7463 34.8389
320 320  6.9677 -6.1979 33.2369
336 320  6.8847 -6.1278 29.7691
352 320  7.8593 -6.2896 30.9576
368 320  7.5789 -6.1357 28.8057
384 320  7.4492 -4.0734 25.1902
400 320  7.5398 -4.3786 28.7097
416 320  6.7320 -4.8686 27.4678
432 320  6.8769 -4.9414 26.6793
448 320  6.8804 -3.6586 29.0765
464 320  7.7413 -2.7234 34.0720
480 320  7.2398 -2.4889 33.9913
496 320  6.9732 -1.9067 36.0848
512 320  6.5699 -1.4709 35.9767
528 320  6.0239 -1.2417 35.0782
544 320  5.6427 -0.7719 32.2394
560 320  5.2258 -0.4489 28.5361
576 320  4.7569 -0.3852 31.2708
592 320  4.4124  0.8928 31.2641
608 320  5.0801  1.5024 27.1390
624 320  4.6390  2.2153 26.9523
640 320  4.1263  3.4321 29.0804
656 320  3.8141  3.5195 30.9297
672 320  2.8390  4.3608 29.2972
688 320  1.9562  6.5112 29.7217
704 320  1.9558  7.3019 33.4946
720 320  2.1638  8.6665 37.0199
736 320  1.3033 10.8250 35.2945
752 320  0.8121 12.4072 30.1960
768 320  0.5228 20.4443 30.2081
784 320 -0.2561 27.5069 25.1967
800 320 -0.1091 13.7668 27.6699
816 320 -0.1083  7.9591 23.8037
832 320 -0.7672  7.4307 24.1452
 16 336 -0.0171 -3.0402 42.0110
 32 336  0.7895 -13.3190 46.8830
 48 336  0.6932 -14.8500 33.8715
 64 336  2.3753 -20.8288 36.4583
 80 336  3.9036 -22.6411 44.3363
 96 336  4.3888 -22.6292 38.4407
112 336  4.5491 -23.0729 33.7134
128 336  3.3896 -23.1786 33.7249
144 336  3.7150 -22.6067 31.8736
160 336  3.7883 -22.9142 25.9766
176 336  4.9913 -22.2002 28.2828
192 336  5.0270 -23.0901 32.3587
208 336  4.6683 -19.0264 37.0649
224 336  6.8480 -17.9814 41.7975
240 336  6.7730 -15.9367 33.7205
256 336  4.8901 -10.4207 29.2078
272 336  5.1917 -9.2883 28.5244
288 336  6.7125 -8.1696 36.3159
304 336  6.3071 -7.0527 34.4084
320 336  6.4056 -6.3124 32.5800
336 336  6.7790 -6.0741 33.7796
352 336  7.2746 -6.0692 31.8435
368 336  6.2652 -4.2588 25.3161
384 336  7.6411 -3.7246 27.4289
400 336  7.5655 -4.2472 28.5495
416 336  7.0463 -4.2792 29.4786
432 336  6.9253 -4.2545 28.1562
448 336  7.3327 -3.8242 29.9891
464 336  7.4347 -3.2601 30.3120
480 336  6.9463 -2.7736 29.2529
496 336  5.8364 -2.2522 30.7899
512 336  5.4039 -1.6586 32.2853
528 336  5.2692 -1.4141 34.6238
544 336  4.9716 -0.6370 32.5907
560 336  5.0831 -0.2758 29.4695
576 336  3.9171 -0.1025 33.9590
592 336  3.8522  1.5794 31.0549
608 336  4.3172  2.6217 27.8250
624 336  3.8091  2.8382 28.4761
640 336  3.6966  3.8320 29.0211
656 336  3.6891  4.1132 28.8523
672 336  2.4072  5.7340 32.7597
688 336  2.2373  6.2880 36.8694
704 336  1.3913  7.2464 38.9152
720 336  1.2119  9.1827 43.0328
736 336  1.0619 10.5998 42.2225
752 336  1.0147 12.1882 33.8265
768 336  0.3954 20.8176 27.9277
784 336  0.3292 25.6182 24.9551
800 336 -0.0630 12.4410 26.7444
816 336 -0.4438 10.0818 18.9469
832 336 -0.0398  6.9351 19.4921
 16 352  0.6267 -6.2489 30.5106
 32 352  0.7477 -13.0391 39.8654
 48 352  1.3801 -16.7844 44.3904
 64 352  3.7081 -20.6605 41.5101
 80 352  4.6428 -23.1421 41.2040
 96 352  4.4201 -22.8755 40.4471
112 352  4.2843 -22.9657 44.8769
128 352  3.6807 -22.8804 39.3965
144 352  6.3164 -28.3112 28.9899
160 352  6.1600 -28.4118 31.4973
176 352  6.9823 -26.5683 36.9437
192 352  6.0598 -23.6603 31.1633
208 352  5.0100 -20.8407 33.2496
224 352  5.8563 -18.6221 32.3056
240 352  4.9095 -13.3999 26.2537
256 352  4.3057 -11.1175 33.7029
272 352  4.0307 -9.2643 34.4452
288 352  5.4594 -8.3828 31.9926
304 352  5.1331 -6.8451 30.2091
320 352  5.0177 -5.6330 27.8323
336 352  6.7538 -5.5569 32.2699
352 352  6.8375 -6.0822 28.5657
368 352  5.8603 -4.2318 26.6805
384 352  7.1540 -4.6376 29.1257
400 352  7.0905 -4.8490 25.9849
416 352  6.2113 -3.6304 31.4813
432 352  6.0202 -3.3850 30.7118
448 352  6.1931 -3.4747 30.1161
464 352  6.3224 -2.7702 28.9945
480 352  5.8199 -2.7553 24.7876
496 352  5.3123 -2.6836 25.4869
512 352  5.0458 -1.6004 29.0509
528 352  4.4370 -1.8028 34.7932
544 352  3.7836 -0.6855 37.9073
560 352  4.1972 -0.0396 34.2922
576 352  2.7933  0.3450 34.8197
592 352  3.2723  1.5780 32.9460
608 352  3.8909  2.3829 29.3251
624 352  3.2923  3.0757 29.8891
640 352  3.2662  3.8583 29.7229
656 352  2.4659  4.2382 27.6734
672 352  2.4155  5.3855 31.7799
688 352  2.0740  5.7239 37.7820
704 352  1.0945  7.0627 36.4654
720 352  1.0828  8.8329 36.6857
736 352  1.2316 11.0034 36.5896
752 352  1.2350 13.7265 33.0906
768 352  0.1553 19.5079 36.4554
784 352 -0.1583 23.4636 29.9663
800 352 -0.1908 11.5717 21.6327
816 352 -0.3825  8.5586 27.0925
832 352  0.3126  3.7316 22.3652
 16 368  0.5235 -8.9542 40.9838
 32 368  0.4901 -10.6251 35.6338
 48 368  2.1644 -15.5641 22.7045
 64 368  3.5591 -20.9068 39.7650
 80 368  4.1685 -22.2939 37.9144
 96 368  4.2805 -22.5064 37.6661
112 368  4.0832 -23.4888 43.1048
128 368  4.0486 -24.1882 39.5946
144 368  6.4562 -29.0205 37.6279
160 368  5.8785 -29.2319 37.6851
176 368  6.3348 -27.4580 37.4192
192 368  6.0396 -24.5833 26.6684
208 368  5.3335 -20.4786 33.7230
224 368  4.8085 -17.7646 30.7553
240 368  4.2511 -12.4969 28.9882
256 368  3.6557 -10.7045 32.7577
272 368  3.1276 -9.2413 32.8378
288 368  3.4538 -8.2008 32.0898
304 368  3.6699 -6.9850 30.0020
320 368  4.4495 -6.7279 26.8341
336 368  5.4839 -6.3588 26.1244
352 368  4.9666 -6.6076 22.6108
368 368  5.7911 -4.4997 24.4661
384 368  6.0134 -4.0990 27.0832
400 368  4.7927 -4.2388 25.1426
416 368  4.5832 -4.4192 28.9246
432 368  4.7474 -4.1254 29.8262
448 368  4.8390 -3.2426 31.1431
464 368  5.0614 -2.5076 29.5792
480 368  4.7571 -2.8535 27.2428
496 368  4.0538 -1.9841 27.0608
512 368  4.2163 -2.2239 29.3403
528 368  4.4144 -2.0818 32.6558
544 368  3.6839 -0.6556 37.0892
560 368  3.4427  0.0945 38.0352
576 368  2.3927  0.5035 38.2084
592 368  2.1334  1.0516 40.4197
608 368  2.5195  2.0083 36.4229
624 368  2.5396  3.2717 31.9586
640 368  2.3182  3.5127 35.1740
656 368  1.2942  4.1172 31.4575
672 368  1.7137  4.9389 31.1045
688 368  2.0697  4.9310 31.8370
704 368  0.9192  6.7996 34.3255
720 368  0.8417  8.4178 37.8771
736 368  1.2063 10.8300 37.8621
752 368  1.1189 13.5417 32.2788
768 368  0.1216 17.3616 32.6547
784 368 -0.6751 24.4819 26.2804
800 368 -0.5122 13.0003 26.7745
816 368 -0.3914  7.5940 25.8295
832 368  0.1945  2.6244 17.7880
 16 384  0.2528 -8.3934 37.1961
 32 384  0.6560 -11.7228 30.7775
 48 384  2.3946 -16.9611 26.9538
 64 384  2.9163 -19.5908 41.6082
 80 384  6.2218 -26.5261 35.8163
 96 384  6.4670 -26.8513 37.6322
112 384  5.7759 -24.6108 24.2052
128 384  4.0135 -21.9637 32.6497
144 384  6.9728 -28.3894 38.5927
160 384  5.6327 -29.0535 33.1003
176 384  3.2571 -24.1559 36.7922
192 384  4.1511 -22.3412 34.0801
208 384  4.7665 -19.7950 34.2070
224 384  3.9427 -17.3744 32.5295
240 384  2.7516 -13.1405 33.3203
256 384  2.3928 -11.2361 37.3450
272 384  2.0721 -9.9944 34.7163
288 384  2.5286 -7.7324 32.5224
304 384  3.5546 -6.9278 30.9233
320 384  3.9040 -7.3083 24.0558
336 384  3.4893 -7.4604 26.3047
352 384  3.4664 -6.6428 28.2403
368 384  6.1690 -4.0290 23.9780
384 384  4.5012 -4.5945 24.4922
400 384  4.9361 -5.2471 25.3790
416 384  4.1528 -5.3924 25.4517
432 384  4.8306 -4.4378 25.4536
448 384  3.8812 -2.6435 30.1244
464 384  3.1817 -2.3956 31.7765
480 384  3.3762 -2.4279 31.5277
496 384  3.4998 -1.9233 32.1940
512 384  3.2501 -2.0232 33.5850
528 384  3.8148 -1.6005 37.8313
544 384  2.9969 -0.4334 42.8254
560 384  2.4103  0.3300 42.0699
576 384  2.1343  1.0771 37.7959
592 384  2.1194  1.7130 38.4250
608 384  2.4429  2.3114 38.6122
624 384  2.3652  3.3216 34.7624
640 384  2.0570  3.7316 35.4723
656 384  1.3545  4.5580 30.7173
672 384  0.3717  5.2686 30.6028
688 384  0.7499  6.1956 33.4392
704 384  0.9513  7.6461 39.4873
720 384  0.8116  8.8092 43.4524
736 384  0.8125 10.5768 42.5603
752 384  0.8127 13.4551 35.6523
768 384 -0.4542 19.0870 34.4708
784 384 -1.7247 27.3194 28.8689
800 384 -0.7629 15.0828 24.1925
816 384 -0.3245  7.7821 16.9223
832 384  0.4514  3.7146 24.0838
 16 400  0.0448 -7.0626 35.9761
 32 400  1.0464 -13.0417 29.7582
 48 400  2.7364 -18.2189 26.7723
 64 400  2.5903 -20.0784 29.1654
 80 400  6.5234 -24.0662 39.2312
 96 400  7.2545 -24.2024 40.2056
112 400  7.5139 -26.9357 49.5564
128 400  7.3133 -28.4864 36.6256
144 400  6.8416 -26.9649 25.1024
160 400  6.3586 -26.7103 27.2588
176 400  4.0043 -25.3957 31.4774
192 400  2.4513 -23.2062 32.2340
208 400  1.7895 -20.1303 39.7422
224 400  0.8631 -17.3413 45.4349
240 400  1.1488 -13.9137 43.9724
256 400  0.9260 -11.4793 45.2164
272 400  1.1074 -10.6636 44.3036
288 400  1.8024 -8.0612 39.2527
304 400  1.8442 -7.1845 39.2602
320 400  1.9467 -7.4847 34.5649
336 400  2.6070 -6.4946 28.3805
352 400  3.2411 -4.7039 32.3631
368 400  3.8471 -4.2652 30.0702
384 400  3.7318 -5.0817 26.0673
400 400  3.3239 -4.7371 28.2494
416 400  3.2332 -4.2585 25.9123
432 400  4.0651 -4.0252 25.3924
448 400  3.3102 -3.0749 32.6085
464 400  2.4035 -3.0546 33.7181
480 400  2.6682 -2.6503 32.7732
496 400  3.0555 -1.9363 38.2306
512 400  2.5886 -1.6042 41.7828
528 400  2.3932 -0.7449 46.4231
544 400  2.1401 -0.2424 43.2931
560 400  2.5555  0.5645 37.1830
576 400  2.0816  1.3042 38.1675
592 400  1.8284  1.8631 39.9487
608 400  1.8687  2.3091 38.0827
624 400  1.7751  3.7736 33.5346
640 400  0.6011  5.0363 32.7816
656 400  0.3625  6.0716 33.1656
672 400  0.2775  6.3901 34.8083
688 400  0.4171  7.3140 37.0870
704 400  0.5201  8.6783 45.7819
720 400  0.4821  9.7058 39.6943
736 400  0.4008 11.7438 35.2539
752 400  0.4091 14.2890 35.0455
768 400 -0.5730 20.1408 35.2267
784 400 -0.6460 13.7874 31.7677
800 400 -0.2372  9.8061 22.4802
816 400 -0.4551  6.5937 23.8768
832 400 -0.1954  5.2396 27.0837
 16 416  0.5330 -4.8228 32.5403
 32 416  1.3944 -12.0912 31.3362
 48 416  4.4823 -17.6073 26.8004
 64 416  4.4742 -19.6894 34.5766
 80 416  6.3941 -24.2398 42.5150
 96 416  7.2181 -24.7238 48.0460
112 416  8.0621 -26.1510 38.0326
128 416  6.4233 -29.0149 32.4496
144 416  5.7987 -29.5284 37.1326
160 416  4.7755 -26.3221 34.9868
176 416  2.9987 -25.4922 34.0654
192 416  0.8678 -24.3243 37.7155
208 416  0.3765 -21.7313 41.4507
224 416 -0.5558 -16.4720 39.1023
240 416  0.2023 -13.0877 41.0039
256 416  0.3842 -11.5014 46.1044
272 416  0.2961 -9.8588 44.6555
288 416  0.2272 -8.5697 43.6293
304 416  0.7086 -7.5208 41.9281
320 416  1.1646 -7.4211 35.9632
336 416  1.6696 -6.0614 28.8993
352 416  2.7886 -4.9801 28.4838
368 416  2.9045 -4.8351 28.5326
384 416  2.4910 -4.5467 28.6557
400 416  2.0116 -3.6694 31.3796
416 416  2.7809 -4.1505 31.8844
432 416  3.4035 -4.3323 27.8736
448 416  2.4994 -2.9884 33.3378
464 416  2.1877 -2.7285 34.8212
480 416  2.3456 -2.6944 34.1237
496 416  1.9977 -2.1888 40.9957
512 416  2.0918 -1.4274 42.8694
528 416  1.9682 -0.9210 46.1036
544 416  1.9525 -0.3324 45.1525
560 416  2.3291  0.3500 40.6027
576 416  1.9188  1.0405 38.7240
592 416  1.5676  1.7831 38.1932
608 416  1.4106  2.2196 36.0514
624 416  1.1259  3.5124 37.4421
640 416  1.4205  4.5181 32.5186
656 416  0.1939  5.6134 26.6525
672 416  0.2093  6.6154 31.7795
688 416  0.4656  6.9094 35.2156
704 416  0.4682  8.3021 42.7622
720 416  0.1446  9.7449 40.1152
736 416  0.2135 11.9329 35.2896
752 416 -0.3629 15.3330 34.3839
768 416 -0.4757 18.6529 35.7579
784 416 -0.6960 12.5341 16.8413
800 416 -0.8018  8.7360 13.9667
816 416 -1.0432  6.0501 35.2383
832 416 -0.7192  1.0339 32.2692
 16 432  0.9711 -4.1542 29.9904
 32 432  1.8573 -14.1748 32.7694
 48 432  4.3001 -19.0136 38.7610
 64 432  5.9344 -23.6373 41.4379
 80 432  5.8052 -23.3752 25.7081
 96 432  6.7208 -23.7480 26.9448
112 432  8.1790 -25.8200 39.6717
128 432  6.4997 -27.0604 35.9622
144 432  2.8026 -23.8772 30.1212
160 432  2.1422 -25.6068 31.2470
176 432  0.5859 -25.0027 41.7598
192 432  0.1453 -24.5564 47.0228
208 432 -1.3760 -20.2518 45.0531
224 432 -2.8074 -15.8199 34.8649
240 432 -0.7683 -13.1540 34.1677
256 432 -1.3838 -10.8477 40.9897
272 432 -1.5144 -9.4271 38.7674
288 432 -0.8701 -8.5615 38.2063
304 432 -0.4510 -7.2961 40.8149
320 432  0.1422 -7.3725 37.4184
336 432  0.4619 -6.8996 34.1591
352 432  1.5551 -5.2129 29.3301
368 432  1.5753 -5.2168 31.1595
384 432  2.0228 -4.9121 33.1212
400 432  2.2005 -3.9273 34.0319
416 432  2.3336 -4.1236 35.4926
432 432  2.2907 -3.3962 36.4623
448 432  1.8307 -2.3464 39.3205
464 432  2.2161 -2.3369 37.8281
480 432  1.6332 -2.4661 37.4169
496 432  1.2995 -2.0034 41.5378
512 432  1.2162 -1.1679 46.7963
528 432  1.1411 -1.0212 48.0994
544 432  1.2311 -0.4930 48.3782
560 432  1.2243  0.3278 47.3409
576 432  0.8581  1.1999 44.4443
592 432  0.8741  1.9907 39.9634
608 432  1.3718  2.4354 35.3490
624 432  1.2510  2.9840 40.3575
640 432  0.7659  4.5405 35.7160
656 432  0.4708  6.3082 30.9330
672 432  0.2691  6.0519 29.0026
688 432  0.2024  6.4268 33.3213
704 432  0.2577  7.6422 41.0120
720 432  0.1422  9.8578 46.7883
736 432  0.1666 12.1766 40.6188
752 432 -0.8033 15.9340 33.9899
768 432 -1.2362 21.0369 31.9573
784 432 -0.9591 13.6680 26.1778
800 432 -1.2929  9.1820 24.4465
816 432 -1.0905  5.1852 30.3077
832 432 -0.5484 -0.8079 28.5860
 16 448  0.3089 -6.1628 30.5197
 32 448  1.2287 -14.3820 40.9746
 48 448  2.0572 -17.4216 43.7994
 64 448  7.0625 -23.8912 48.9352
 80 448  7.4184 -24.8057 40.7115
 96 448  9.6221 -25.4393 43.3647
112 448  8.8550 -25.8759 48.3352
128 448  6.8022 -27.2397 33.7521
144 448  2.1988 -23.6894 26.7055
160 448  0.8107 -23.2504 34.0555
176 448  0.3114 -24.5200 36.3926
192 448 -0.7386 -22.0862 42.7869
208 448 -2.9631 -18.3121 43.0204
224 448 -3.5317 -15.9218 37.0808
240 448 -2.4216 -13.6629 33.6094
256 448 -2.4485 -11.4062 35.0086
272 448 -2.2804 -10.1405 37.9170
288 448 -1.6687 -9.0124 39.2279
304 448 -1.3297 -7.1958 40.0992
320 448 -0.3130 -6.4911 37.4116
336 448 -0.1857 -6.5086 35.7500
352 448  0.0218 -5.9328 29.7358
368 448  0.1958 -5.5318 34.5665
384 448  0.5206 -5.1003 33.0210
400 448  1.8789 -4.1470 35.3521
416 448  1.4643 -3.5895 36.9750
432 448  1.1108 -2.4652 38.8350
448 448  1.5529 -2.2749 39.2851
464 448  1.6276 -2.5526 39.0882
480 448  0.8720 -1.8015 37.0796
496 448  0.8933 -1.4698 37.6957
512 448  0.6502 -0.8941 47.5295
528 448  0.7545 -0.5997 52.2258
544 448  0.7411 -0.4531 45.9014
560 448  0.2901  0.2090 42.5676
576 448  0.2730  0.9617 47.9825
592 448  0.5610  1.8825 46.1110
608 448  1.0040  3.0162 38.4060
624 448  0.5547  4.3505 31.5764
640 448 -0.0420  4.8468 28.7175
656 448  0.1149  6.0741 35.6463
672 448  0.0495  5.6954 34.9049
688 448 -0.2045  5.7723 36.5269
704 448 -0.0361  6.7989 40.0370
720 448  0.3645  9.0221 43.2167
736 448  0.2460 11.5909 39.1761
752 448 -0.9200 16.4417 31.3200
768 448 -0.6346 23.2773 24.8415
784 448 -2.2364 29.2695 18.6105
800 448 -1.8446 15.1288 24.9338
816 448 -0.9891  7.0678 29.4870
832 448 -0.0052 -0.3600 29.3683
 16 464  0.1030 -6.4135 30.5116
 32 464  1.2393 -13.9911 37.6215
 48 464  2.9561 -17.6956 41.1220
 64 464  7.0930 -21.7592 45.7413
 80 464  8.5976 -22.9460 41.3924
 96 464  8.2662 -23.0688 47.4290
112 464  7.0993 -23.4819 47.3570
128 464  4.5294 -27.1555 41.1695
144 464  4.2181 -27.7453 40.4277
160 464 -0.7593 -25.7864 39.2356
176 464 -1.9386 -24.2066 37.0329
192 464 -2.0647 -21.9426 42.5864
208 464 -2.9245 -18.9802 43.6309
224 464 -4.2852 -15.8077 38.2690
240 464 -3.5334 -13.3474 33.9885
256 464 -3.4100 -11.4329 34.4217
272 464 -2.1432 -9.2134 34.9569
288 464 -1.7867 -8.5402 35.5837
304 464 -1.9210 -7.9738 35.5796
320 464 -1.1637 -6.7508 36.7450
336 464 -0.9046 -5.7115 34.7011
352 464 -0.8151 -5.2087 30.6454
368 464  0.6106 -4.4955 29.3740
384 464  0.6862 -4.4373 30.6405
400 464  0.9965 -4.1177 35.2356
416 464  0.8552 -3.6445 34.3198
432 464  0.8613 -3.2576 35.7764
448 464  0.8287 -2.4151 40.8379
464 464  0.6903 -2.2777 42.7004
480 464  0.6476 -1.8878 37.2058
496 464  0.5897 -1.4684 35.8824
512 464  0.4665 -1.1735 44.6997
528 464  0.6055 -0.7010 48.7064
544 464  0.0963 -0.3387 45.3834
560 464 -0.3078  0.2173 43.1860
576 464 -0.0747  1.1691 46.0644
592 464  0.5175  2.2942 43.3111
608 464  0.5970  3.0293 40.7996
624 464 -0.0723  3.6843 37.4213
640 464 -0.1918  3.8096 35.0589
656 464 -0.0187  4.4017 35.0765
672 464 -0.3786  7.1451 41.7514
688 464 -0.4556  6.9694 40.8028
704 464 -0.0360  7.2549 43.6110
720 464  0.2032 10.0289 44.8485
736 464  0.0567 12.4708 40.2178
752 464 -0.5249 19.7846 35.3826
768 464 -2.1572 25.7495 25.5259
784 464 -3.1287 35.1999 22.5469
800 464 -2.1724 17.4345 21.2568
816 464 -0.9522  8.9982 14.0343
832 464 -0.9375  5.0994 27.0746
 16 480  0.1346 -7.5429 25.6631
 32 480  1.9919 -16.2442 34.9779
 48 480  4.3003 -18.9233 36.2699
 64 480  6.7025 -22.8354 40.3302
 80 480  9.3563 -24.1441 35.0669
 96 480  8.3502 -22.7766 39.8762
112 480  5.7886 -23.3376 36.2932
128 480  4.1972 -26.6634 40.4795
144 480  3.0002 -27.9140 47.7156
160 480 -0.9988 -26.1173 45.4312
176 480 -2.2987 -22.8158 36.1525
192 480 -2.6295 -21.2746 38.0094
208 480 -5.4458 -18.8515 35.4949
224 480 -6.5659 -17.0551 44.3236
240 480 -4.0808 -12.0301 41.8316
256 480 -4.5439 -10.6607 40.6114
272 480 -4.0121 -9.2035 36.0289
288 480 -3.1224 -8.9970 36.5040
304 480 -2.6500 -7.5087 37.4139
320 480 -2.3497 -6.2364 34.5363
336 480 -1.7162 -5.3122 32.3846
352 480 -1.4622 -5.5910 33.2420
368 480 -0.2539 -4.8566 30.2035
384 480  0.0247 -4.1185 29.1058
400 480 -0.0953 -3.5598 32.1990
416 480  0.2536 -3.5486 35.0182
432 480 -0.0045 -2.7935 44.3041
448 480 -0.1639 -2.3555 45.7465
464 480  0.0492 -2.5275 43.8692
480 480 -0.0807 -1.8622 42.6544
496 480 -0.1784 -1.4246 39.4107
512 480 -0.1902 -1.2375 47.3599
528 480 -0.3365 -0.6414 49.7000
544 480 -0.6269 -0.2670 46.5256
560 480 -0.4278  0.4435 45.2659
576 480 -0.3785  1.3083 44.7364
592 480 -0.2382  2.1002 46.2640
608 480  0.1073  2.2881 46.6263
624 480  0.0136  2.4386 47.1073
640 480 -0.3318  3.2980 39.5514
656 480 -0.2303  3.8851 38.3765
672 480 -0.5067  6.4312 36.1646
688 480 -0.4057  8.6619 41.9839
704 480 -0.1639  8.8590 40.9369
720 480 -0.2609 10.2032 38.3151
736 480 -0.2832 12.9074 38.2612
752 480 -0.4874 18.6642 38.3045
768 480 -0.5550 23.9812 27.8836
784 480 -0.3943 14.4539 19.4394
800 480 -0.8072 10.6055 23.4042
816 480 -0.9294  7.5007 24.1074
832 480 -0.5099  5.2366 23.4355
 16 496  0.4560 -9.2564 35.1042
 32 496  2.1295 -17.1241 44.7219
 48 496  3.0340 -18.9223 42.2033
 64 496  5.9401 -20.1049 26.3420
 80 496  7.6729 -23.7363 26.3033
 96 496  7.8068 -24.9584 45.9163
112 496  4.1755 -22.1461 42.7859
128 496  2.9415 -23.7169 39.6573
144 496  1.1475 -27.3709 51.7699
160 496 -0.3407 -25.9032 48.5451
176 496 -2.0617 -21.1205 34.3209
192 496 -2.7993 -19.0501 28.5364
208 496 -6.7283 -17.5433 36.8199
224 496 -7.2504 -15.9582 43.0820
240 496 -5.2922 -13.6277 36.5538
256 496 -6.1107 -12.1040 38.4194
272 496 -4.9945 -8.4504 33.3278
288 496 -3.9964 -7.9745 36.5262
304 496 -3.5031 -7.0591 36.8486
320 496 -3.0610 -5.9615 32.6951
336 496 -2.2260 -5.5606 31.8664
352 496 -2.0741 -5.9789 34.7481
368 496 -1.0904 -4.5074 31.2275
384 496 -0.7121 -3.7311 32.1403
400 496 -0.5761 -3.7617 32.9789
416 496 -0.3117 -3.5151 34.4874
432 496 -0.4145 -2.3946 44.9108
448 496 -0.5537 -2.3095 43.8479
464 496 -0.3631 -2.1380 42.2255
480 496 -0.6758 -1.4781 41.3315
496 496 -0.9440 -1.4002 40.9664
512 496 -0.7593 -1.0204 46.5210
528 496 -0.7221 -0.3312 51.1459
544 496 -0.9352 -0.1067 47.5263
560 496 -0.7396  0.5692 43.2070
576 496 -0.9701  1.2127 43.3164
592 496 -0.8751  1.8493 43.4496
608 496 -0.4347  2.4184 44.2686
624 496 -0.2250  3.0007 42.5318
640 496 -0.4705  3.8468 35.1866
656 496 -0.2852  4.1630 37.5420
672 496 -1.1394  5.1922 33.1554
688 496 -1.1586  7.7161 41.2481
704 496 -0.7124  8.9608 42.0825
720 496 -0.6427  9.8298 38.0708
736 496 -0.5715 12.4220 38.2197
752 496 -1.1647 19.0540 42.3709
768 496 -1.5477 22.8142 35.4627
784 496 -0.8170 13.6912 26.7121
800 496 -0.4500  8.8633 34.8651
816 496  0.4744  4.4185 24.9750
832 496  1.0326 -3.4810 18.3427
 16 512  0.9653 -9.3006 33.9339
 32 512  2.7788 -18.0734 39.7137
 48 512  4.8935 -21.9852 42.0547
 64 512  7.4655 -22.0747 36.1797
 80 512  8.3084 -23.0474 40.7389
 96 512  7.4223 -23.2890 34.7115
112 512  4.2614 -20.4869 32.3744
128 512  2.6529 -24.1595 40.8566
144 512 -0.1443 -26.1954 36.1127
160 512 -1.1082 -24.9637 33.3237
176 512 -2.5993 -20.9992 35.6191
192 512 -4.7892 -19.0275 33.4086
208 512 -7.0448 -17.8605 34.1680
224 512 -8.1298 -17.2320 37.9976
240 512 -7.0605 -13.8506 34.6591
256 512 -6.5587 -12.2491 41.9590
272 512 -6.0212 -11.2310 42.8159
288 512 -4.5049 -8.3683 39.4848
304 512 -4.1795 -7.8952 38.8699
320 512 -3.7016 -6.5480 39.9748
336 512 -2.4203 -6.4412 37.1072
352 512 -1.8032 -5.9098 32.2567
368 512 -2.1056 -5.1195 27.8978
384 512 -1.5237 -3.7209 30.7762
400 512 -1.2799 -3.1955 33.4136
416 512 -1.0390 -3.2239 32.4479
432 512 -1.0878 -2.7299 34.6819
448 512 -1.0260 -2.8738 37.9588
464 512 -0.8275 -1.8314 43.9887
480 512 -1.0527 -1.3000 45.8167
496 512 -1.3278 -1.3903 47.4929
512 512 -1.2766 -1.0364 47.0270
528 512 -1.4503 -0.2830 48.0228
544 512 -1.2421  0.0175 45.2440
560 512 -1.1689  0.5574 47.4549
576 512 -1.3904  1.1709 46.9811
592 512 -1.2956  1.3570 45.1678
608 512 -0.4887  2.3564 38.9110
624 512 -0.2962  3.9655 32.7828
640 512 -0.7343  3.6467 39.2422
656 512 -0.5883  3.5402 38.9030
672 512 -1.1050  5.2915 30.5071
688 512 -1.2992  6.2698 34.2085
704 512 -0.9740  8.2276 45.1292
720 512 -1.0662  9.7960 42.7366
736 512 -1.1494 12.4746 35.8673
752 512 -2.5820 18.7120 32.5773
768 512 -3.1145 24.9151 30.6488
784 512 -1.8833 14.4655 31.4262
800 512 -1.3635  9.4841 14.3607
816 512  0.2083  3.8774 35.8924
832 512  0.8952 -3.5545 26.2990
 16 528  1.2786 -10.4826 37.2393
 32 528  3.6537 -19.2194 44.4473
 48 528  5.0890 -22.2662 41.2233
 64 528  6.7565 -21.9504 32.0496
 80 528  8.1868 -23.4859 38.6479
 96 528  7.1331 -24.2031 31.1960
112 528  6.3715 -23.5527 27.2409
128 528  3.0553 -22.3636 31.3925
144 528  0.1945 -24.6985 35.6662
160 528 -1.7518 -24.7477 34.1089
176 528 -3.7094 -20.2071 34.8851
192 528 -7.3899 -20.7232 40.4801
208 528 -7.7428 -17.9616 37.2752
224 528 -7.8784 -17.1851 35.5937
240 528 -7.2430 -13.0323 40.3277
256 528 -6.7238 -11.8110 43.0579
272 528 -5.6841 -10.9748 37.0484
288 528 -4.6427 -7.8389 37.5601
304 528 -4.6498 -7.5715 38.4116
320 528 -4.1415 -6.5483 31.8498
336 528 -3.5004 -5.0741 30.4960
352 528 -2.9929 -5.1163 29.3104
368 528 -2.5679 -5.4519 28.6537
384 528 -2.2012 -4.9838 26.9162
400 528 -1.6711 -3.9447 31.9826
416 528 -1.3288 -3.7165 34.6329
432 528 -1.4099 -3.1094 37.1025
448 528 -1.6660 -2.4247 38.6668
464 528 -1.5782 -2.2225 44.0357
480 528 -1.4449 -1.6494 44.5966
496 528 -1.5801 -1.4698 44.4093
512 528 -1.9012 -1.2142 46.0831
528 528 -2.1730 -0.5344 44.6025
544 528 -1.8163  0.1094 43.3938
560 528 -1.6321  0.8963 48.9982
576 528 -1.5811  1.1786 46.7292
592 528 -1.4258  1.3888 48.1405
608 528 -1.3131  2.4570 41.7759
624 528 -0.9801  3.4241 32.8525
640 528 -1.2301  3.2318 36.8682
656 528 -1.0136  4.0738 36.7932
672 528 -1.1396  6.8988 34.8856
688 528 -1.4467  6.4005 38.5542
704 528 -1.7307  8.5777 49.4123
720 528 -1.5416 10.1197 39.8642
736 528 -1.2858 12.6763 32.3156
752 528 -3.1177 18.7552 24.7437
768 528 -4.6791 26.9227 23.8901
784 528 -3.4260 23.1426 32.7353
800 528 -2.2426 10.7902 22.0295
816 528 -0.7131  5.6767 33.8158
832 528  0.1722 -3.3153 28.7465
 16 544  0.5630 -9.6909 36.9488
 32 544  4.4794 -19.2481 45.8385
 48 544  4.9248 -20.5460 41.2951
 64 544  5.7170 -21.7542 26.2052
 80 544  8.6387 -22.3750 36.7515
 96 544  7.9416 -22.0295 33.0752
112 544  3.8703 -21.5370 32.0265
128 544  2.4874 -22.6027 41.5388
144 544 -0.1142 -24.7608 41.8621
160 544 -2.9005 -25.2570 40.0451
176 544 -3.7066 -20.3080 39.6342
192 544 -7.3674 -19.7368 37.5518
208 544 -9.1034 -17.2888 38.2451
224 544 -7.9699 -15.3926 35.3518
240 544 -7.0905 -12.7036 46.6786
256 544 -6.9847 -11.6477 44.0397
272 544 -5.8736 -11.2458 36.3284
288 544 -5.9310 -9.4488 36.2490
304 544 -6.0157 -8.1856 34.4853
320 544 -4.9093 -6.4757 26.3022
336 544 -4.8257 -5.0885 25.2262
352 544 -3.9150 -5.4247 28.8044
368 544 -4.1689 -5.2584 29.4692
384 544 -2.3178 -4.0781 34.5315
400 544 -2.2076 -3.9952 37.5225
416 544 -2.1820 -3.8466 38.7799
432 544 -1.9126 -2.9578 41.7399
448 544 -2.1298 -1.8644 41.8909
464 544 -1.9572 -1.9291 41.8633
480 544 -1.7148 -2.0584 37.1508
496 544 -1.7127 -1.7600 36.1301
512 544 -1.6764 -1.0303 38.9538
528 544 -2.5785 -0.4952 41.3493
544 544 -2.6305  0.4337 41.6244
560 544 -2.2306  1.0568 42.8166
576 544 -1.4968  0.8246 42.0963
592 544 -1.6510  1.1511 42.2112
608 544 -2.2434  2.0336 37.6091
624 544 -1.7368  2.2649 35.4046
640 544 -1.7214  3.5272 30.8829
656 544 -1.4258  5.7920 32.5607
672 544 -1.5971  6.1601 33.6844
688 544 -1.9398  7.2859 37.9366
704 544 -2.3291  9.0870 43.8514
720 544 -1.8319 10.6301 39.2726
736 544 -1.4809 13.1932 34.2424
752 544 -3.6485 20.7044 26.4559
768 544 -2.2853 11.9102 20.8705
784 544 -0.5069  7.0600 29.3671
800 544 -1.4585  7.9930 20.6225
816 544 -2.6804 14.6234 18.9955
832 544 -1.8064 17.2092 20.9377
 16 560  0.8130 -9.9948 33.5909
 32 560  4.4795 -17.3617 39.8261
 48 560  5.3416 -22.2528 44.4164
 64 560  6.3744 -23.5994 38.3877
 80 560  9.3941 -20.7845 42.0794
 96 560  8.4489 -21.1139 41.3228
112 560  4.2104 -21.1256 40.4482
128 560  2.2274 -22.6705 50.8835
144 560 -0.5587 -24.5747 50.9638
160 560 -2.3991 -24.8667 44.8559
176 560 -6.2231 -23.4115 34.6395
192 560 -8.4764 -19.9135 32.8876
208 560 -9.6233 -16.5920 33.5101
224 560 -7.7565 -14.1455 33.1027
240 560 -7.5312 -12.7437 31.7405
256 560 -7.7232 -11.2513 39.1703
272 560 -7.8905 -10.2075 43.5944
288 560 -7.2976 -9.4793 38.1637
304 560 -7.0808 -8.6568 40.3822
320 560 -5.8333 -7.3992 31.1597
336 560 -5.7818 -7.1409 31.0967
352 560 -4.3487 -6.8903 30.8096
368 560 -5.0092 -6.2413 29.4864
384 560 -2.7257 -4.3791 34.0710
400 560 -2.5176 -3.8750 37.8728
416 560 -3.0959 -3.0378 37.4171
432 560 -2.7290 -3.0777 35.7876
448 560 -2.3623 -2.6005 34.3714
464 560 -2.4485 -1.7057 39.8087
480 560 -1.9835 -1.9971 40.9494
496 560 -2.4994 -1.4602 41.7719
512 560 -2.7247 -0.9259 43.0159
528 560 -3.1034 -0.3023 40.1677
544 560 -3.1093  0.1279 37.3908
560 560 -2.6028  0.6788 38.5236
576 560 -1.6174  0.8805 39.5097
592 560 -2.2750  1.0896 36.6273
608 560 -2.5281  1.3615 39.5983
624 560 -1.9913  2.5515 43.5586
640 560 -1.3753  3.7272 35.0105
656 560 -1.5765  4.9137 27.8692
672 560 -1.3037  5.7559 32.8955
688 560 -2.6625  7.5767 40.5317
704 560 -2.7892  9.0036 41.9242
720 560 -1.8995 11.6032 40.2965
736 560 -2.0803 14.4936 33.7818
752 560 -4.3016 19.5688 21.9830
768 560 -5.6244 23.9049 29.6819
784 560 -3.8846 19.6995 35.2237
800 560 -2.0022  6.3898 26.9642
816 560 -0.9394 -2.2444 27.9862
832 560  2.9811 -9.0732 22.7120
 16 576  2.6423 -14.5307 30.9377
 32 576  2.4212 -15.9417 33.9131
 48 576  5.5213 -22.1000 51.5941
 64 576  5.9888 -22.5537 39.6017
 80 576  8.7444 -18.4496 35.8937
 96 576  8.6056 -18.9463 44.3692
112 576  3.9490 -19.9997 39.1074
128 576  2.3769 -21.2986 41.9812
144 576  0.3168 -23.2061 39.7597
160 576 -3.8873 -19.2292 25.3801
176 576 -6.6409 -20.2685 37.9120
192 576 -8.5572 -18.6427 32.2937
208 576 -7.6198 -14.5391 31.2598
224 576 -8.0300 -12.8712 43.9837
240 576 -8.3159 -12.1108 42.0069
256 576 -8.8088 -10.3717 48.5258
272 576 -8.8799 -9.6915 45.0953
288 576 -7.8309 -9.4037 39.6396
304 576 -6.8527 -8.4035 37.4010
320 576 -7.5907 -7.8750 39.5900
336 576 -7.8710 -7.3996 37.7432
352 576 -6.5380 -6.9186 31.5961
368 576 -5.9853 -6.8446 31.7471
384 576 -3.9513 -5.0207 29.9972
400 576 -3.1576 -4.3560 32.7514
416 576 -3.5055 -2.7621 34.9379
432 576 -2.8424 -3.0405 33.3863
448 576 -2.2583 -3.4089 31.4830
464 576 -3.0983 -3.2627 27.9391
480 576 -3.3599 -2.4212 32.0293
496 576 -3.3793 -1.1845 43.3780
512 576 -3.0221 -0.9903 43.6637
528 576 -3.0796 -0.5587 42.2562
544 576 -3.6448 -0.3800 36.6188
560 576 -3.0279  0.0612 34.2475
576 576 -2.3176  0.7415 37.0393
592 576 -2.6228  1.4052 35.7461
608 576 -2.3200  1.6415 43.2411
624 576 -2.0782  1.8949 47.8836
640 576 -1.6700  3.3688 34.2571
656 576 -1.9613  4.6823 26.0907
672 576 -1.4945  5.5800 30.0539
688 576 -3.5070  7.5615 41.5536
704 576 -3.1691  9.3614 39.8911
720 576 -2.1812 11.1974 33.3223
736 576 -4.8371 15.7987 25.5256
752 576 -8.2240 28.5716 30.5950
768 576 -9.3755 37.5829 40.0428
784 576 -5.7289 27.5130 37.4250
800 576 -3.0877 11.7613 32.0501
816 576 -5.7491 19.3309 26.6184
832 576 -3.6596 18.6910 24.1294
 16 592  2.2890 -14.6902 30.0711
 32 592  0.7345 -16.7051 30.3973
 48 592  7.2901 -18.9468 40.9311
 64 592  6.0599 -19.1124 27.2977
 80 592  6.9460 -20.3970 26.7535
 96 592  3.2426 -20.3458 47.8549
112 592  2.0290 -20.4430 43.5424
128 592  1.0102 -20.5775 35.4531
144 592 -1.4729 -21.9156 36.9301
160 592 -3.3562 -20.2364 34.6008
176 592 -6.7551 -20.4293 36.1396
192 592 -9.2204 -16.1121 40.8919
208 592 -7.7572 -13.2719 44.4380
224 592 -8.9197 -11.8898 50.4437
240 592 -9.3030 -11.1221 50.3234
256 592 -8.8657 -10.1365 47.7292
272 592 -8.8955 -9.8911 42.7169
288 592 -8.1144 -9.9422 40.5034
304 592 -6.4410 -8.0458 26.6520
320 592 -8.2328 -8.1011 37.1256
336 592 -8.3242 -7.2271 36.2429
352 592 -6.6434 -5.8143 29.7414
368 592 -4.3114 -4.1722 32.7789
384 592 -4.4657 -3.3727 35.0861
400 592 -3.8472 -2.7446 29.7255
416 592 -3.5943 -2.7995 30.6350
432 592 -3.3587 -2.7497 30.8361
448 592 -2.9818 -2.9787 32.4514
464 592 -3.6454 -2.7965 28.6235
480 592 -3.5202 -1.8325 29.5660
496 592 -3.1175 -1.2490 36.9222
512 592 -2.6543 -0.8246 39.7951
528 592 -2.9210 -0.5915 43.0726
544 592 -3.9289 -0.1044 40.5525
560 592 -3.6218  0.6824 39.0164
576 592 -3.0656  0.9802 40.3327
592 592 -2.9910  1.5183 36.0626
608 592 -2.8456  1.9173 37.5884
624 592 -3.2489  2.0932 37.5775
640 592 -2.9829  3.1685 32.6871
656 592 -2.8529  4.2144 27.8866
672 592 -3.7945  5.5550 27.7515
688 592 -3.4317  7.7837 37.4603
704 592 -3.4072  9.4475 37.8219
720 592 -2.7859 11.9112 29.7970
736 592 -5.6170 22.3982 26.2585
752 592 -8.7953 31.2033 34.7052
768 592 -10.1265 36.4597 37.4232
784 592 -7.7156 27.9840 43.2345
800 592 -5.7617 19.5252 43.3268
816 592 -5.5047 22.2425 27.1171
832 592 -3.8804 18.8868 24.6243
 16 608  1.4229 -11.2869 46.0882
 32 608  1.7907 -13.8651 41.9669
 48 608  6.8533 -18.6234 34.5269
 64 608  8.3334 -17.6312 33.8883
 80 608  6.1488 -18.4811 43.2556
 96 608  3.0320 -19.1275 42.0822
112 608  1.9585 -19.6546 41.4296
128 608 -1.2070 -22.1562 47.1798
144 608 -1.8990 -22.1505 38.3241
160 608 -4.0454 -20.6704 34.1260
176 608 -7.7193 -21.7239 33.3781
192 608 -10.0520 -15.7998 41.5566
208 608 -8.4722 -13.5473 48.7119
224 608 -9.8436 -11.4251 49.5166
240 608 -9.7206 -10.9729 55.0023
256 608 -9.5864 -10.2800 51.4663
272 608 -9.6772 -9.6958 50.5121
288 608 -9.5182 -8.8772 53.0684
304 608 -9.0996 -8.0146 29.6603
320 608 -7.9981 -7.1950 30.5769
336 608 -8.5860 -6.7765 31.8464
352 608 -7.6927 -6.3519 30.8127
368 608 -6.8436 -5.7722 36.6047
384 608 -5.4541 -4.9766 36.1602
400 608 -3.9819 -1.8881 32.2958
416 608 -4.6066 -2.6314 29.8939
432 608 -4.7455 -2.6689 28.9426
448 608 -3.6649 -2.4935 36.2296
464 608 -4.4410 -1.5627 34.7234
480 608 -3.8245 -0.8496 32.7454
496 608 -3.3907 -0.6550 37.6328
512 608 -2.8981 -0.5374 38.6141
528 608 -2.7785 -0.7024 41.2707
544 608 -4.3796  0.2544 40.7576
560 608 -4.2104  0.5810 40.2322
576 608 -3.6322  1.0846 41.2122
592 608 -3.5846  1.8206 36.5199
608 608 -3.3693  1.7490 33.3627
624 608 -3.3235  1.8023 34.8464
640 608 -2.9520  2.6955 34.3680
656 608 -2.6701  4.1174 30.6907
672 608 -4.7229  5.7328 29.0551
688 608 -4.3067  8.6529 37.8343
704 608 -3.8007 10.1446 33.6628
720 608 -7.5471 17.4246 32.0350
736 608 -7.0778 21.0507 29.8541
752 608 -9.1122 32.6548 37.9698
768 608 -11.0465 35.7668 31.7761
784 608 -8.2609 29.6947 31.9099
800 608 -6.3460 24.6360 32.4144
816 608 -5.0862 20.1405 29.2803
832 608 -4.0489 15.8298 25.7706
 16 624  1.4152 -10.0832 51.4383
 32 624  2.4465 -12.5200 52.2270
 48 624  1.6597 -19.8262 36.2920
 64 624  4.8492 -19.2000 36.9112
 80 624  6.8447 -17.4092 48.0408
 96 624  5.8755 -17.7416 43.0056
112 624  2.5274 -18.5587 44.7807
128 624 -1.3704 -20.3556 53.7854
144 624 -1.9884 -20.2721 40.6593
160 624 -7.7039 -22.9637 30.7754
176 624 -8.8382 -18.7121 31.6733
192 624 -11.0830 -16.1269 40.6993
208 624 -9.0790 -12.9573 43.0511
224 624 -9.8119 -11.0712 44.9920
240 624 -9.8523 -10.1268 48.0464
256 624 -10.0644 -9.8928 48.8012
272 624 -10.2337 -9.5490 54.8395
288 624 -9.7915 -8.8282 49.1177
304 624 -9.4886 -7.8578 32.1762
320 624 -8.6419 -6.9688 31.4171
336 624 -8.3693 -6.3360 32.5602
352 624 -7.6303 -6.7999 32.0034
368 624 -7.7039 -6.3616 33.0450
384 624 -7.4140 -5.5087 30.0439
400 624 -4.8692 -2.5758 31.8159
416 624 -4.6980 -2.2822 36.3711
432 624 -4.9545 -2.3346 31.9023
448 624 -4.5576 -2.8275 29.6902
464 624 -4.4261 -1.7152 32.6224
480 624 -4.5868 -1.1024 35.1231
496 624 -4.4146 -0.9647 37.0214
512 624 -3.5041 -0.6618 40.4956
528 624 -3.6011 -0.6153 41.8014
544 624 -4.4318 -0.0583 38.4096
560 624 -4.0107  0.5694 36.1763
576 624 -3.5281  0.9965 38.0618
592 624 -3.5386  1.4276 37.5409
608 624 -3.3277  1.9176 34.8742
624 624 -2.9755  2.7094 31.9357
640 624 -2.8783  3.5547 26.1180
656 624 -2.7905  4.5291 25.2074
672 624 -4.1756  6.7724 29.8514
688 624 -5.2650  9.0851 39.5696
704 624 -4.3262 10.3019 30.8818
720 624 -8.5186 18.1398 34.1146
736 624 -8.2309 22.2760 26.7311
752 624 -6.4933 17.8460 41.3171
768 624 -7.1513 19.5769 33.8108
784 624 -6.4289 21.7558 19.5209
800 624 -5.4263 16.9535 33.0026
816 624 -5.7048 15.7644 27.8001
832 624 -2.9911 12.0270 25.3745
 16 640  1.0747  0.4511 35.3740
 32 640  3.8852 -14.5003 37.2247
 48 640  1.2334 -19.4476 34.3116
 64 640  3.4268 -18.5169 39.5181
 80 640  7.4733 -17.7019 52.6184
 96 640  7.5245 -16.6103 40.9677
112 640 -0.7168 -16.4418 26.3234
128 640 -1.8969 -19.2058 45.3327
144 640 -2.7529 -19.0573 41.5193
160 640 -8.7312 -21.7764 34.3838
176 640 -10.0353 -18.0737 37.3454
192 640 -12.0594 -15.3695 37.5198
208 640 -9.4404 -12.6500 45.5697
224 640 -10.3448 -11.0312 51.2716
240 640 -10.5305 -10.0507 47.5105
256 640 -9.7036 -9.7268 44.9676
272 640 -10.3881 -8.9684 46.9279
288 640 -10.7074 -7.3560 35.5622
304 640 -10.1640 -7.1847 30.4111
320 640 -9.6297 -6.7498 32.1761
336 640 -8.4005 -5.5640 31.6100
352 640 -5.5377 -4.9719 30.7095
368 640 -7.8960 -5.3950 27.6833
384 640 -8.4221 -5.3811 28.3963
400 640 -8.4087 -5.6696 33.1443
416 640 -4.9118 -2.8181 28.8221
432 640 -6.4166 -2.6809 42.0209
448 640 -6.3727 -2.6908 40.4267
464 640 -5.2132 -2.0165 38.8778
480 640 -4.9372 -1.4313 41.5230
496 640 -4.7240 -0.9178 40.8054
512 640 -4.2616 -0.5335 37.2581
528 640 -4.0237 -0.1703 37.3633
544 640 -4.2400 -0.2189 39.8715
560 640 -3.7646  0.6010 33.6154
576 640 -4.1101  1.2597 36.8918
592 640 -4.2201  1.7993 39.8341
608 640 -3.9937  2.4533 36.6894
624 640 -3.6724  3.2858 31.7089
640 640 -3.2767  3.6310 29.6786
656 640 -3.2194  4.3389 27.3741
672 640 -5.4551  7.8819 29.4216
688 640 -6.4313 10.2048 42.7632
704 640 -5.7468 14.7005 29.3739
720 640 -10.0940 20.4111 43.0401
736 640 -9.7483 23.2274 36.9990
752 640 -7.1664 18.8746 41.4458
768 640 -7.2343 20.1821 36.6477
784 640 -6.0580 17.7555 32.7945
800 640 -4.7838 10.6766 37.4136
816 640 -4.0506  9.4597 27.7123
832 640 -2.7409 12.3779 26.6553
 16 656  2.4299 -10.2097 33.2675
 32 656  3.1769 -13.2200 38.3396
 48 656  7.3419 -14.2863 31.5923
 64 656  6.3411 -14.5300 32.4492
 80 656  6.0666 -14.5987 39.5597
 96 656  2.9985 -16.0171 40.8338
112 656 -0.9160 -18.1658 54.0399
128 656 -3.7792 -19.7261 45.3497
144 656 -7.5934 -22.4560 47.9247
160 656 -9.7357 -20.8109 42.5094
176 656 -11.5476 -17.8315 39.3643
192 656 -9.1457 -14.6921 34.8828
208 656 -9.6327 -12.9474 44.7923
224 656 -10.4596 -10.8685 53.7805
240 656 -10.6601 -10.0656 46.6905
256 656 -9.9057 -9.7012 39.5131
272 656 -10.2934 -8.6413 38.6792
288 656 -10.2159 -7.1422 41.3642
304 656 -9.7369 -6.5990 37.5728
320 656 -9.3439 -6.4051 34.9736
336 656 -8.6046 -5.3547 33.4599
352 656 -7.8956 -3.5082 35.8882
368 656 -7.3448 -3.4369 33.0921
384 656 -7.3555 -4.2044 32.4803
400 656 -5.4968 -4.1850 29.4825
416 656 -6.2430 -2.9603 34.3604
432 656 -7.1359 -2.8492 36.8172
448 656 -6.7639 -2.2554 41.8588
464 656 -4.9241 -1.7061 41.3270
480 656 -5.4773 -1.0191 47.0365
496 656 -5.4771  0.0557 43.1199
512 656 -4.8016 -0.4278 34.7651
528 656 -3.9340 -0.1472 38.3253
544 656 -4.4482 -0.0585 40.8766
560 656 -5.1046  0.1433 30.0382
576 656 -4.8139  1.5277 30.5074
592 656 -5.0334  1.8662 37.8906
608 656 -5.3216  3.1684 33.1137
624 656 -5.3481  3.8259 28.8655
640 656 -4.9793  3.5348 33.5919
656 656 -7.2346  7.0003 39.1990
672 656 -8.0881  8.9439 40.5337
688 656 -8.1614 13.9321 38.9267
704 656 -10.5073 17.3589 30.8341
720 656 -10.5893 20.5242 33.1754
736 656 -15.8688 31.8621 34.0627
752 656 -12.6022 29.9763 20.7542
768 656 -9.3345 20.8823 25.2365
784 656 -7.1645 17.3370 27.1946
800 656 -5.1235 11.8729 33.0777
816 656 -3.2663 11.2569 31.7910
832 656 -0.9941  4.3441 30.8087
 16 672 -0.1420 -6.2227 33.8629
 32 672  1.1234 -12.9329 34.7365
 48 672  1.5987 -15.4969 32.0254
 64 672  6.9234 -12.3493 41.5682
 80 672  7.1431 -12.8941 39.3533
 96 672  1.1950 -15.5740 42.2338
112 672 -1.2357 -17.3817 69.2409
128 672 -4.0649 -19.6419 55.6701
144 672 -7.9874 -22.2269 50.8272
160 672 -10.6002 -20.4129 52.1586
176 672 -13.0935 -17.1231 45.2001
192 672 -10.5584 -14.3626 41.8041
208 672 -10.7129 -13.2953 42.2825
224 672 -11.0935 -10.2061 42.6760
240 672 -11.1110 -9.7995 42.3250
256 672 -11.4707 -9.5657 39.9111
272 672 -11.3389 -9.0338 38.4571
288 672 -10.2610 -7.1957 42.1051
304 672 -9.9446 -6.4425 38.6364
320 672 -9.4200 -5.5894 34.3358
336 672 -8.0786 -4.8589 33.6027
352 672 -9.4796 -4.5668 33.6174
368 672 -9.0368 -3.6644 34.4844
384 672 -8.0259 -3.0943 38.6222
400 672 -5.1740 -2.2807 32.6752
416 672 -6.1546 -2.0488 37.0027
432 672 -6.6628 -2.5484 33.7583
448 672 -5.7399 -1.7951 36.8950
464 672 -4.4819 -1.1743 41.2571
480 672 -5.8495 -1.0989 42.7498
496 672 -6.1818 -0.3160 43.0118
512 672 -6.4926 -0.7430 41.2374
528 672 -6.6862 -0.4716 41.0044
544 672 -7.4156  0.4659 45.6141
560 672 -7.2437  0.5996 45.6641
576 672 -5.2756  1.6607 32.4043
592 672 -5.3492  1.7606 30.1917
608 672 -5.9578  3.4909 28.2623
624 672 -5.9064  4.8839 26.3540
640 672 -5.4577  4.3427 29.5184
656 672 -7.7275  7.7961 44.6768
672 672 -8.7477 10.1279 53.7128
688 672 -12.3345 15.1080 36.3592
704 672 -12.0815 17.9512 32.6324
720 672 -11.1163 20.1001 31.5598
736 672 -21.3697 35.5061 36.3208
752 672 -13.8118 25.7997 24.6164
768 672 -11.0960 24.2618 20.4596
784 672 -11.7674 31.7361 24.2103
800 672 -10.9095 29.3774 36.7006
816 672 -3.0832  7.0706 30.0633
832 672 -0.9073  2.3840 37.8768
 16 688 -0.8806 -6.7378 33.9741
 32 688  1.2162 -12.6559 30.8735
 48 688  3.5797 -14.3059 29.4350
 64 688  6.0067 -12.0564 36.2941
 80 688  6.6979 -12.3413 36.6746
 96 688  3.4793 -13.7608 43.0705
112 688 -0.6564 -14.3240 45.6589
128 688 -7.3342 -20.2419 35.2719
144 688 -12.1577 -18.1305 33.5651
160 688 -13.9220 -16.3822 26.2739
176 688 -10.6272 -13.2852 27.5250
192 688 -17.1459 -19.0953 40.0807
208 688 -18.0221 -18.0784 43.4046
224 688 -11.9807 -10.5019 41.4893
240 688 -12.5082 -9.7122 41.6501
256 688 -13.3738 -9.3840 38.6342
272 688 -13.5323 -9.1575 39.3612
288 688 -12.1100 -7.5631 38.4417
304 688 -11.7182 -5.3614 28.0113
320 688 -8.2022 -4.5712 29.4927
336 688 -7.8671 -3.9740 32.9421
352 688 -9.4492 -4.6501 34.6049
368 688 -9.0850 -3.5335 37.5761
384 688 -7.8373 -2.5248 43.4252
400 688 -7.3426 -2.6494 40.8219
416 688 -6.5833 -1.6641 35.9624
432 688 -7.7806 -1.2719 44.5963
448 688 -7.4989 -2.1189 43.3144
464 688 -6.3007 -2.2585 41.0779
480 688 -6.7305 -2.2080 42.1893
496 688 -6.1750 -1.0857 42.1630
512 688 -8.3201 -0.4638 51.3221
528 688 -8.7464 -0.2697 48.3450
544 688 -8.2271  0.5960 55.4560
560 688 -7.3979  1.1247 48.6256
576 688 -6.0188  1.6053 37.4331
592 688 -6.4080  1.3824 34.4685
608 688 -7.3800  3.0115 32.1580
624 688 -6.4256  4.8892 27.4825
640 688 -7.8722  6.9342 34.5540
656 688 -8.4824  8.8876 47.7116
672 688 -9.7810 10.9834 55.4827
688 688 -10.2320 14.0325 40.5284
704 688 -16.2699 23.5138 27.4075
720 688 -20.4114 29.2820 29.1682
736 688 -19.6020 32.8026 36.2050
752 688 -21.1598 38.0458 28.2085
768 688 -13.8365 26.8349 26.5896
784 688 -14.6910 25.6066 36.5359
800 688 -3.7722 10.3832 32.6934
816 688 -3.5951  5.6410 27.3178
832 688 -0.7281 -0.1550 36.2567
 16 704  0.4622 -6.1826 32.2302
 32 704  2.9310 -9.1719 34.5695
 48 704  5.9627 -9.3628 32.8880
 64 704  2.6491 -13.4172 36.4756
 80 704  1.6300 -12.7509 35.2965
 96 704  2.4472 -12.3699 36.8748
112 704 -1.1011 -12.9422 37.5697
128 704 -12.5966 -17.4660 33.2056
144 704 -16.4020 -21.0206 38.2533
160 704 -15.5980 -22.4854 39.0112
176 704 -17.4084 -20.7136 47.2085
192 704 -18.8181 -18.3382 43.7151
208 704 -19.4353 -16.8777 39.3069
224 704 -13.5512 -10.8124 34.1839
240 704 -14.9114 -8.9972 38.4297
256 704 -14.8275 -8.5388 35.7664
272 704 -15.1895 -8.9093 38.0866
288 704 -12.8335 -7.6427 33.9496
304 704 -12.2018 -5.6614 28.1991
320 704 -9.8735 -4.9033 27.0777
336 704 -9.1241 -3.7996 31.9628
352 704 -9.7651 -3.0145 41.4933
368 704 -8.4689 -2.0256 40.4998
384 704 -8.0345 -2.1901 42.7033
400 704 -8.3335 -2.3970 39.4377
416 704 -8.5714 -2.7488 39.3723
432 704 -8.9535 -2.3127 45.1441
448 704 -8.9682 -2.1858 51.9088
464 704 -8.1519 -2.0613 50.5937
480 704 -7.6223 -1.5163 44.2676
496 704 -7.4674 -0.4426 43.9874
512 704 -8.0918 -0.2945 50.7613
528 704 -8.2433  0.0423 51.7831
544 704 -8.1012  1.1020 48.1234
560 704 -8.0384  1.4914 41.2632
576 704 -8.0325  2.0406 36.0556
592 704 -7.6842  3.0415 32.5531
608 704 -8.0343  4.1287 33.1707
624 704 -9.9315  5.8888 34.2199
640 704 -10.6504  7.8740 42.0330
656 704 -11.3857  9.6469 41.5662
672 704 -11.6476 11.8145 37.5175
688 704 -17.4357 21.1801 45.0512
704 704 -17.5935 24.4915 33.3486
720 704 -21.5802 27.8324 22.4280
736 704 -20.5296 30.3088 26.8494
752 704 -19.1862 33.0403 26.7131
768 704 -22.3607 35.0129 24.7658
784 704 -10.9344 22.7102 31.3585
800 704 -4.1669  9.2785 31.9344
816 704 -0.7645  4.3084 29.6431
832 704 -0.4122 -1.2376 36.1965
 16 720  2.4507 -3.4959 44.3721
 32 720  3.2997 -7.2925 39.5902
 48 720  6.8176 -7.3621 35.6372
 64 720  4.1975 -11.7924 37.9561
 80 720  2.9813 -11.4859 37.5500
 96 720  1.1473 -11.0891 31.3820
112 720 -1.3814 -10.9470 34.2055
128 720 -14.8038 -15.2366 30.1989
144 720 -17.6661 -20.3714 40.1072
160 720 -16.1301 -19.6468 26.0858
176 720 -18.3363 -18.6881 32.0403
192 720 -13.8553 -10.3231 27.1307
208 720 -15.1015 -14.4543 30.0957
224 720 -17.3061 -12.7161 39.5331
240 720 -17.3942 -11.4799 48.7175
256 720 -16.5573 -10.9590 41.4165
272 720 -17.1133 -9.9283 42.1159
288 720 -14.4482 -7.6276 32.0166
304 720 -13.9965 -6.6575 32.2601
320 720 -15.6256 -7.2628 34.0473
336 720 -12.0699 -4.1268 31.1669
352 720 -12.2749 -4.2060 34.6029
368 720 -10.5553 -2.1371 37.5592
384 720 -10.5545 -1.9746 40.0312
400 720 -9.7244 -2.5028 39.9609
416 720 -8.9910 -2.6595 46.6030
432 720 -9.2888 -1.6165 46.4340
448 720 -9.4872 -0.9024 43.8746
464 720 -8.6991 -1.1332 42.8222
480 720 -9.1329 -0.9411 48.6436
496 720 -9.8359 -0.3082 59.6476
512 720 -8.9590 -0.1016 56.5960
528 720 -8.7523  0.6945 58.3672
544 720 -8.8714  0.7010 51.1350
560 720 -9.4764  1.2933 40.8982
576 720 -9.3515  2.5587 33.8047
592 720 -8.6013  4.0521 33.9138
608 720 -10.3366  5.0248 34.8091
624 720 -12.8875  7.6331 45.1710
640 720 -12.5402  8.7890 42.7605
656 720 -13.3013 10.4080 38.4468
672 720 -19.3483 18.2432 38.5232
688 720 -19.6787 21.6437 39.7411
704 720 -25.7830 32.2577 30.9830
720 720 -17.4525 23.7139 29.3331
736 720 -17.7785 26.3301 39.7256
752 720 -19.5571 31.9281 36.3492
768 720 -18.5074 31.2602 32.9421
784 720 -6.8828 14.2646 30.5733
800 720 -2.2424  3.7523 33.5296
816 720 -0.4773  1.2427 47.0218
832 720 -0.1216 -2.2895 36.5317
 16 736  2.2033 -2.8319 40.9705
 32 736  2.3995 -7.3366 40.4176
 48 736  8.1688 -3.7340 45.6701
 64 736  9.3891 -5.0662 49.6968
 80 736  4.6777 -9.4352 35.4665
 96 736  0.0568 -9.9368 34.0819
112 736 -1.1148 -9.8441 39.9546
128 736 -3.8158 -10.5463 31.8894
144 736 -18.5412 -19.1657 27.0674
160 736 -19.1982 -18.1761 33.2575
176 736 -22.0766 -17.9935 49.4030
192 736 -15.9362 -14.7021 25.7485
208 736 -16.4820 -13.9849 34.6364
224 736 -17.4076 -12.5192 44.1637
240 736 -18.6025 -11.6050 54.2249
256 736 -19.2448 -10.4304 53.5999
272 736 -20.1438 -9.5894 53.1268
288 736 -18.6597 -8.0920 44.6124
304 736 -17.2721 -8.5785 40.6089
320 736 -19.1293 -6.6031 46.2272
336 736 -18.5578 -6.7342 36.5439
352 736 -18.6618 -6.6924 42.7554
368 736 -11.9936 -1.5952 41.6329
384 736 -12.1737 -1.7466 42.0042
400 736 -11.3370 -2.2611 40.0601
416 736 -9.9379 -1.6117 51.1952
432 736 -10.9974 -0.9253 52.6043
448 736 -11.5916 -0.6113 48.5439
464 736 -11.3948 -0.3965 52.2753
480 736 -11.1360 -0.5099 54.3021
496 736 -10.7965  0.0106 58.3242
512 736 -11.0960  0.4484 56.7319
528 736 -10.6643  0.7225 49.4233
544 736 -10.5718  0.9038 44.1967
560 736 -11.0313  3.4909 33.7674
576 736 -15.4708  7.7386 30.3509
592 736 -15.8001  8.1542 44.1619
608 736 -13.5322  7.0262 42.3626
624 736 -17.4852 11.4234 46.9022
640 736 -17.1132 12.6150 33.1507
656 736 -24.0258 16.7830 38.0012
672 736 -23.0600 17.5802 38.2332
688 736 -21.8644 20.4077 27.2934
704 736 -28.3971 31.4089 39.7478
720 736 -27.1565 32.6766 36.7678
736 736 -20.6589 25.5694 30.0825
752 736 -21.3744 26.9559 23.6693
768 736 -8.3993 12.8282 34.0612
784 736 -6.5646 10.2989 48.9182
800 736 -2.2018  2.5975 41.2948
816 736 -0.6288 -1.6107 55.7987
832 736 -0.6470 -3.5637 38.5869
 16 752  2.2668 -0.9378 33.3487
 32 752  4.5906 -3.7064 32.6891
 48 752  8.1087 -2.5984 46.1527
 64 752 -0.5521 -7.1774 30.6508
 80 752 -2.2443 -8.6941 32.1766
 96 752  0.8675 -8.9648 46.9723
112 752 -0.7050 -8.2549 58.3614
128 752 -2.7093 -8.3316 41.4956
144 752 -13.4034 -10.4271 26.0857
160 752 -21.7599 -16.1255 33.2614
176 752 -22.0987 -16.7500 39.2999
192 752 -18.1958 -12.7002 22.2278
208 752 -20.1185 -11.7933 34.1427
224 752 -18.5407 -11.3449 36.7743
240 752 -20.6221 -10.9613 43.4203
256 752 -21.0006 -9.5302 62.3802
272 752 -21.4883 -9.4820 68.2821
288 752 -20.6987 -9.2768 58.7062
304 752 -19.2766 -8.0252 36.4601
320 752 -20.6190 -6.5039 40.5421
336 752 -20.0731 -6.8195 35.6713
352 752 -20.6618 -6.1670 38.1812
368 752 -14.4587 -1.8716 41.1316
384 752 -13.8496 -1.1220 44.7186
400 752 -13.9980 -1.4271 48.0957
416 752 -15.9106 -1.6169 54.3658
432 752 -15.2627 -1.4912 45.6425
448 752 -14.0140 -1.0322 50.6873
464 752 -13.9794 -0.6776 49.4482
480 752 -14.2403  0.0741 49.8707
496 752 -14.9430  0.7193 47.5366
512 752 -14.3937  0.6537 47.0549
528 752 -12.7935  0.9455 38.5783
544 752 -13.7267  1.7407 34.6468
560 752 -13.1278  3.9107 28.4254
576 752 -18.2514  7.7021 33.6957
592 752 -20.1078  8.3066 42.2254
608 752 -20.5465  9.1791 48.9007
624 752 -19.4238 11.2079 45.5053
640 752 -18.7609 12.5856 31.5988
656 752 -26.4720 21.6931 47.5416
672 752 -25.2364 22.6057 41.2851
688 752 -23.1609 19.5413 28.7844
704 752 -29.3838 31.2962 50.5676
720 752 -28.4578 31.6208 38.3535
736 752 -16.9366 18.6006 20.3597
752 752 -10.4654 11.8820 29.5703
768 752 -7.9558  9.5862 32.4911
784 752 -2.9019  3.4021 30.6958
800 752 -0.8828 -1.0592 42.8461
816 752 -0.6350 -3.0580 38.0698
832 752 -0.6631 -3.5498 33.2327
 16 768  1.0766  0.6060 38.0515
 32 768  2.8427 -0.1342 37.0515
 48 768  4.5774 -3.2531 30.7637
 64 768 -1.8424 -7.7260 35.2466
 80 768 -1.7757 -8.3797 40.8689
 96 768  0.9921 -8.2983 56.4157
112 768 -1.8260 -7.3758 56.3123
128 768 -5.8464 -10.3584 35.1183
144 768 -14.3017 -9.6307 29.6294
160 768 -17.0509 -13.8041 33.5274
176 768 -18.6292 -12.2821 27.6484
192 768 -20.2499 -11.5162 26.1245
208 768 -21.6501 -10.2359 37.9825
224 768 -25.3695 -12.0397 42.6682
240 768 -25.0828 -11.2343 20.6184
256 768 -25.1927 -10.8429 26.0494
272 768 -27.7774 -10.2063 31.8192
288 768 -27.7925 -10.2442 29.6375
304 768 -27.6003 -9.5069 35.4283
320 768 -28.5255 -8.7067 39.2280
336 768 -26.1203 -8.4418 37.5580
352 768 -26.6609 -8.1520 39.3148
368 768 -21.5555 -4.0359 43.0893
384 768 -22.5068 -3.5757 52.1873
400 768 -18.8808 -2.0684 42.8867
416 768 -19.0801 -1.2430 50.3877
432 768 -18.2584 -1.2957 58.0931
448 768 -17.3342 -1.7827 56.2089
464 768 -17.6432 -1.1265 47.9609
480 768 -18.4572 -0.0741 51.0372
496 768 -18.9696  0.3668 51.9063
512 768 -19.2966  0.9225 55.8459
528 768 -15.8946  2.8136 25.0709
544 768 -18.0405  2.9123 34.4171
560 768 -16.6725  4.5105 29.5420
576 768 -23.9616  5.9549 32.9248
592 768 -24.1209  8.0786 48.7927
608 768 -23.7214  9.1195 54.7035
624 768 -21.6708 10.8239 31.0381
640 768 -33.1629 17.6696 34.7334
656 768 -30.1407 19.4318 31.1888
672 768 -29.4803 20.8811 33.4212
688 768 -27.2440 22.1749 32.6565
704 768 -23.4217 19.8544 59.8831
720 768 -22.5071 20.0570 49.2186
736 768 -20.4072 19.4726 35.4447
752 768 -10.3370  8.9455 39.1566
768 768 -3.3099  3.0030 32.3170
784 768 -1.6588  0.7482 40.0936
800 768 -0.5368 -2.3597 39.0459
816 768 -0.7608 -4.4826 30.3704
832 768 -0.3271 -4.1303 27.1992
 16 784  0.6527  0.8988 36.9142
 32 784  2.7019  0.4581 43.0426
 48 784  3.3447 -1.2509 36.0003
 64 784  4.8707 -3.8365 29.9889
 80 784  0.9712 -5.6047 32.2332
 96 784 -0.1001 -5.7701 34.0589
112 784 -2.3518 -4.5121 27.5394
128 784 -11.9206 -8.4104 36.1654
144 784 -15.5421 -10.5462 33.0512
160 784 -19.8451 -11.5302 33.3868
176 784 -21.6106 -11.5648 37.4625
192 784 -24.2648 -10.6200 32.5623
208 784 -28.9316 -11.1396 49.6444
224 784 -28.3359 -11.1381 47.6906
240 784 -28.5749 -10.7111 32.4582
256 784 -28.4245 -10.3743 36.5552
272 784 -31.4069 -10.2744 43.2332
288 784 -31.4108 -9.9571 38.5100
304 784 -30.5595 -9.0874 36.1245
320 784 -30.8644 -8.6708 46.7123
336 784 -30.7282 -8.0037 40.4892
352 784 -32.0786 -7.5716 40.2330
368 784 -28.2504 -6.2664 40.4044
384 784 -23.6303 -4.0389 48.3442
400 784 -25.0523 -2.1599 38.9764
416 784 -24.1393 -0.6498 38.5977
432 784 -26.4845 -1.1739 53.5147
448 784 -23.9808 -0.4495 27.0919
464 784 -21.0357 -0.1305 49.1424
480 784 -22.5338  0.1909 45.5847
496 784 -23.2301  0.4750 49.0025
512 784 -25.5113  1.8034 51.0697
528 784 -26.5925  2.5454 39.1523
544 784 -24.2779  1.1733 27.6008
560 784 -31.5192  7.2937 29.1361
576 784 -32.1769  8.1731 38.3391
592 784 -32.3714  9.3573 39.9372
608 784 -28.9664 11.8890 32.6122
624 784 -23.3860 10.6462 21.9504
640 784 -35.1965 21.0443 35.8142
656 784 -32.4786 18.5133 31.9753
672 784 -30.4570 20.2711 36.8899
688 784 -28.0114 22.2282 41.1512
704 784 -24.5510 17.6123 44.2127
720 784 -22.2515 18.1326 47.1195
736 784 -11.6970 10.5160 34.3864
752 784 -3.2561  2.3722 37.4347
768 784 -2.6157  0.7572 50.8013
784 784 -1.0576 -1.9740 40.0509
800 784 -0.6258 -3.9778 29.1137
816 784  1.5671 -5.8559 30.7622
832 784 -0.3521 -3.6798 30.3232
 16 800  0.5824  0.8266 40.1370
 32 800  2.5912  1.2682 40.4775
 48 800  4.9124 -0.3174 26.9241
 64 800  4.8990 -2.1023 27.4866
 80 800  4.7556 -3.5273 28.5799
 96 800  1.9211 -3.8056 28.5284
112 800 -1.7416 -3.1427 30.0915
128 800 -12.1812 -7.8291 35.4613
144 800 -15.4772 -10.3452 32.4005
160 800 -23.3587 -8.3774 38.7475
176 800 -24.8936 -8.7762 38.6128
192 800 -25.8752 -11.6641 29.9572
208 800 -31.0315 -10.3896 44.9467
224 800 -29.3758 -10.5413 40.0360
240 800 -30.8004 -9.3102 25.2626
256 800 -30.6513 -9.2865 25.3739
272 800 -33.8240 -9.5987 38.2729
288 800 -32.5334 -9.1157 36.8494
304 800 -34.6817 -9.0354 28.4790
320 800 -37.6639 -9.2397 37.9145
336 800 -37.2408 -8.8647 32.0258
352 800 -37.2820 -7.6177 24.7976
368 800 -39.5034 -8.4729 36.2365
384 800 -39.3971 -7.0683 27.3940
400 800 -29.9097 -1.7437 42.7114
416 800 -26.4733 -0.9249 39.7710
432 800 -32.4680 -1.8229 50.7896
448 800 -33.0244 -1.6552 34.8464
464 800 -30.9624 -1.0767 38.3874
480 800 -30.2401  0.0578 48.8848
496 800 -30.4609  0.4010 55.1192
512 800 -30.8639  1.5359 58.4297
528 800 -30.5119  1.7692 48.1724
544 800 -30.7113  2.4215 26.4397
560 800 -34.6322  5.7405 24.3302
576 800 -36.7207  9.0967 27.4077
592 800 -32.5833  8.5557 40.8219
608 800 -31.7475 12.1574 32.6124
624 800 -27.9881 12.0463 31.1686
640 800 -30.1928 13.6455 35.1625
656 800 -34.0512 17.7237 30.9041
672 800 -30.4926 18.4054 23.4394
688 800 -15.8122 13.4147 28.1075
704 800 -16.1101 12.9323 39.2679
720 800 -11.2630  5.1118 20.1654
736 800 -3.6168  0.5476 30.1866
752 800 -2.4074 -0.3922 36.5400
768 800 -1.4091 -1.7559 44.2505
784 800 -0.5638 -2.9580 33.5175
800 800 -0.3461 -4.5822 26.1047
816 800 -0.3587 -4.8129 26.9399
832 800 -0.4224 -2.2082 33.8244
 16 816 -0.0275  1.0912 51.2153
 32 816  0.8825  1.4745 41.9412
 48 816  4.3144 -0.3146 31.1975
 64 816  6.4724  0.6923 43.7171
 80 816  5.9444 -0.1729 37.8955
 96 816  2.6888 -3.0304 35.0267
112 816  0.1667 -2.3238 36.3090
128 816 -2.8210 -1.9984 21.7550
144 816 -14.7290 -6.2700 21.6352
160 816 -25.0671 -9.3128 35.6250
176 816 -26.5102 -9.0416 42.8351
192 816 -29.3396 -8.0431 40.0951
208 816 -32.5369 -7.5040 45.0808
224 816 -33.3128 -7.8613 35.2682
240 816 -34.0066 -8.1540 41.4737
256 816 -33.4386 -8.3876 34.0733
272 816 -37.7869 -9.8410 37.1446
288 816 -33.3396 -8.6205 27.5805
304 816 -39.3526 -9.5038 43.3055
320 816 -39.6902 -8.9422 46.9066
336 816 -39.1483 -8.0378 35.1026
352 816 -41.1847 -7.5717 47.3114
368 816 -41.4103 -8.1256 34.5157
384 816 -40.9198 -6.3676 25.9627
400 816 -32.7118 -2.3779 36.4383
416 816 -27.8227 -1.7123 32.0714
432 816 -33.9467 -2.0004 43.9126
448 816 -33.5918 -1.3734 36.9512
464 816 -37.7658 -2.0415 34.7532
480 816 -36.3969 -0.6793 44.6287
496 816 -36.9625 -0.3566 53.4196
512 816 -34.7584  0.0552 44.2714
528 816 -36.2249  0.9299 56.6511
544 816 -34.5903  2.8361 22.0851
560 816 -40.5759  5.9799 25.8093
576 816 -43.6300  7.8110 33.5640
592 816 -39.9907  9.4523 41.2542
608 816 -34.7937  8.3080 33.9807
624 816 -30.0434 10.8926 31.2153
640 816 -24.7114  9.7769 26.2677
656 816 -22.0165 10.4165 24.9262
672 816 -18.9316 10.6359 19.4828
688 816 -14.8872  8.1079 28.0987
704 816 -14.7640  5.7368 27.8073
720 816 -4.3717  1.3929 34.2157
736 816 -2.5723 -0.2712 38.4659
752 816 -1.0415 -1.9619 31.7267
768 816  0.0846 -2.9722 30.3025
784 816  1.6664 -3.4776 31.2242
800 816  1.2093 -4.1219 31.1208
816 816 -0.0001 -4.4329 27.8612
832 816 -0.3983 -3.4631 27.4959
 16 832  0.0276  0.4944 51.8399
 32 832  1.0587  0.9781 48.0101
 48 832  3.1025 -0.4937 42.8623
 64 832  5.7694  0.6874 45.3140
 80 832  5.9878  0.0832 45.4386
 96 832  1.9688 -2.6987 26.9330
112 832  0.5129 -1.1761 43.2177
128 832 -0.7328 -0.4189 45.3830
144 832 -4.3921  0.6018 25.9213
160 832 -13.6034 -1.5383 31.4260
176 832 -23.9043 -5.4353 35.2265
192 832 -25.4960 -7.2464 37.9091
208 832 -30.9621 -6.5549 46.9130
224 832 -34.6413 -6.6341 46.6202
240 832 -33.6610 -7.2904 34.3505
256 832 -33.0437 -7.3767 34.2367
272 832 -39.1685 -8.4364 27.7040
288 832 -37.4862 -7.1391 24.1636
304 832 -38.5609 -7.5323 37.8283
320 832 -39.6106 -8.1235 48.9703
336 832 -39.2888 -8.0949 40.2460
352 832 -41.5359 -7.0218 48.1994
368 832 -41.0513 -6.3255 26.6114
384 832 -43.4850 -6.1891 28.4467
400 832 -43.2699 -5.3111 22.7705
416 832 -35.7119 -4.1373 26.5197
432 832 -34.9030 -2.6188 34.4782
448 832 -35.6192 -2.1795 44.5340
464 832 -37.7699 -2.2684 42.7194
480 832 -37.1532 -1.2530 38.5613
496 832 -37.4054 -1.7534 44.9111
512 832 -34.8722 -1.0676 35.3173
528 832 -36.4622  0.0272 49.0476
544 832 -31.7385  1.0336 35.5181
560 832 -30.1595  3.0319 18.4098
576 832 -25.4706  1.9089 29.8044
592 832 -21.0091  1.7631 27.9721
608 832 -32.6046  7.4223 23.0098
624 832 -26.9193  9.4032 25.2792
640 832 -24.2331  6.7878 21.7155
656 832 -8.8009  2.2982 20.5671
672 832 -6.0439  2.0043 22.0876
688 832 -4.5187  0.7526 29.3215
704 832 -3.2647  0.5469 36.5491
720 832 -1.2715 -0.5879 39.3961
736 832 -0.5696 -1.3729 33.0749
752 832  1.0893 -3.1451 27.5379
768 832  2.9190 -4.7787 24.8962
784 832  3.6360 -4.3499 34.2078
800 832  1.6909 -3.1435 39.2463
816 832  0.0960 -3.1345 29.8089
832 832 -0.1419 -3.1578 29.4475
 16 848  0.1892 -0.1361 50.3131
 32 848  1.3702  0.4416 44.4894
 48 848  2.6214 -0.2516 39.6746
 64 848  4.2340 -0.8746 36.7666
 80 848  5.3175  0.9875 30.6465
 96 848  2.1482 -2.5843 27.0814
112 848  0.3827 -0.7762 42.6832
128 848 -0.0725 -0.6650 51.7088
144 848 -1.7293 -0.3918 40.0879
160 848 -5.7106 -1.4712 27.1829
176 848 -11.2410 -1.6383 41.2334
192 848 -12.4913 -1.7244 39.4097
208 848 -17.1306 -3.3960 38.3180
224 848 -21.7610 -3.7176 38.4484
240 848 -22.8577 -3.0190 30.9172
256 848 -24.3281 -2.4985 25.2887
272 848 -27.1574 -3.6797 29.5070
288 848 -28.0671 -4.7520 28.6850
304 848 -35.8367 -7.5394 35.1908
320 848 -38.0873 -7.7765 43.6104
336 848 -39.7004 -7.4673 29.6891
352 848 -40.6708 -6.3269 23.6355
368 848 -26.1369 -2.7883 36.5363
384 848 -29.2855 -3.0948 27.7813
400 848 -30.8076 -2.7092 24.6588
416 848 -30.9244 -2.6797 29.9824
432 848 -30.3978 -3.6429 23.0641
448 848 -34.0054 -2.9240 34.4780
464 848 -34.6714 -2.0086 40.0987
480 848 -27.3483 -3.0967 24.1292
496 848 -30.2735 -2.1634 44.8068
512 848 -31.5921 -2.1291 35.2157
528 848 -31.0555 -1.1797 36.6844
544 848 -29.0357 -0.3907 43.0449
560 848 -26.3697 -0.1746 22.0030
576 848 -22.9677  0.5028 35.6284
592 848 -20.7562  0.9222 40.8372
608 848 -16.4657  1.8415 23.2777
624 848 -12.1834  1.1683 26.4611
640 848 -9.3985  0.2610 32.3628
656 848 -6.9384  0.3201 32.6169
672 848 -4.6721  0.1517 27.8290
688 848 -2.0681 -0.4409 30.9235
704 848  0.1873 -0.7725 35.0440
720 848  2.5650 -1.9452 36.2526
736 848  2.6688 -3.1218 29.5984
752 848  2.3022 -2.7528 33.3569
768 848  3.8537 -3.5439 33.1757
784 848  4.2772 -3.9889 32.3640
800 848  2.4992 -2.6342 38.1678
816 848  0.4087 -1.2501 40.6755
832 848  0.1987 -1.0462 40.0083
 16 864  0.5075  0.2756 35.4052
 32 864  1.4073  0.0828 32.3282
 48 864  2.4122 -0.3677 34.1472
 64 864  3.2002 -0.7033 35.9192
 80 864  3.6298 -0.8253 31.3274
 96 864  3.1422 -1.6230 32.6107
112 864  1.4516 -1.1731 36.1931
128 864  1.1787 -0.9783 41.5297
144 864  0.8494 -0.8241 44.0294
160 864 -0.8400  0.4213 38.9919
176 864 -7.0083 -0.5413 32.7768
192 864 -7.8368 -0.7204 34.6030
208 864 -11.5702 -0.9631 40.7322
224 864 -14.0284 -0.6853 38.3649
240 864 -17.0672 -1.9584 29.4336
256 864 -15.6554 -1.9696 26.5105
272 864 -20.6667 -2.1527 34.4806
288 864 -22.4450 -2.6095 34.4548
304 864 -24.9751 -3.0243 34.5510
320 864 -25.5224 -4.2183 31.9071
336 864 -24.4902 -1.4593 26.7586
352 864 -23.8343 -1.6296 31.1240
368 864 -23.7971 -1.8505 36.0508
384 864 -27.0545 -2.5710 31.1651
400 864 -27.0867 -2.1036 33.2697
416 864 -27.6500 -2.0407 30.4686
432 864 -24.6820 -1.9962 22.0715
448 864 -27.3997 -2.5182 36.5171
464 864 -28.2619 -1.3605 37.4443
480 864 -24.7478 -1.8210 29.7902
496 864 -25.5969 -2.5999 38.6747
512 864 -26.3626 -3.7996 29.0562
528 864 -25.8192 -3.4174 35.5622
544 864 -26.3395 -2.4477 36.9549
560 864 -21.1565 -0.2479 24.8665
576 864 -18.0618 -1.6700 36.9140
592 864 -14.5046 -2.1003 35.2999
608 864 -11.7712 -2.0816 41.4639
624 864 -8.7178 -1.8235 36.7402
640 864 -6.8943 -1.3270 33.4745
656 864 -5.2412 -0.8002 27.7585
672 864 -2.1943 -1.5343 28.4054
688 864  1.9026 -2.3354 29.3132
704 864  3.7329 -1.9245 31.8955
720 864  4.4427 -1.1958 35.7506
736 864  4.7245 -2.4334 29.7215
752 864  3.9140 -2.3898 33.6042
768 864  4.3787 -1.8793 39.6895
784 864  3.6385 -2.5786 38.0812
800 864  3.5499 -2.3260 42.7849
816 864  0.7628 -0.8595 47.8169
832 864  0.3991 -0.8327 42.7461
 16 880  0.5357  0.3121 37.4012
 32 880  1.8904  0.0410 29.3597
 48 880  2.1129 -0.3872 34.6795
 64 880  2.0454 -0.7804 39.5939
 80 880  2.6557 -0.4940 35.4390
 96 880  3.1085 -1.1034 35.8992
112 880  2.1918 -1.2870 35.9860
128 880  2.0605 -0.7648 36.8005
144 880  1.4679 -0.3923 39.2029
160 880  0.6747 -0.2037 40.6763
176 880 -0.2316  0.0038 35.8108
192 880 -1.5873  0.1465 37.9377
208 880 -4.0910  0.4403 41.6525
224 880 -8.0321 -1.9653 35.9338
240 880 -9.2455 -2.0525 30.8490
256 880 -10.7593 -1.1101 33.4307
272 880 -11.5963 -0.8984 30.0539
288 880 -14.4640 -1.0942 32.6829
304 880 -17.4070 -2.8500 34.0765
320 880 -18.8948 -1.9221 28.3269
336 880 -18.7670 -1.3864 30.1883
352 880 -17.2675 -1.4386 32.0855
368 880 -18.4396 -0.8966 31.4043
384 880 -23.4142 -1.4237 35.4765
400 880 -19.3037 -1.9024 32.3038
416 880 -15.5378 -0.9409 30.5782
432 880 -15.7263 -1.2919 23.7904
448 880 -24.1717 -0.5903 40.1265
464 880 -24.4271 -1.2167 36.3373
480 880 -21.7490 -2.1169 29.5203
496 880 -21.0523 -2.2625 25.9719
512 880 -21.4278 -1.7340 29.0528
528 880 -14.9685 -1.6406 20.6965
544 880 -16.8127 -1.3128 27.7783
560 880 -15.3169 -0.2869 25.9123
576 880 -14.0773 -1.7603 29.2445
592 880 -11.5863 -1.8603 35.7613
608 880 -9.8667 -1.8319 40.8247
624 880 -7.3183 -2.1329 37.0935
640 880 -5.6203 -1.5208 32.9653
656 880 -2.9194 -1.9102 31.2774
672 880 -0.0246 -1.4397 34.3839
688 880  1.8361 -0.9318 34.1767
704 880  3.7674 -1.0198 36.9188
720 880  3.7956 -1.1036 40.2776
736 880  3.5659 -1.0537 42.4913
752 880  3.8034 -1.1299 41.3349
768 880  3.3738 -1.3353 39.7634
784 880  2.4252 -1.4278 43.7898
800 880  1.6444 -1.5247 49.7463
816 880  0.6586 -0.4823 47.0733
832 880  0.2701 -0.3026 42.1823
