VARIABLES= "X m", "Y m", "U m/s", "V m/s", "CHC", ZONE I=52, J=55
 16  16 -10.5829 -16.5763 24.9839
 32  16 -12.4776 -15.8733 42.2710
 48  16 -8.1007 -11.4376 46.5957
 64  16 -6.8404 -10.3467 33.9678
 80  16 -2.1488 -8.4759 32.1679
 96  16 -1.0430 -8.4850 26.3424
112  16 15.5517 -4.8251 21.5416
128  16 18.8039 -3.3249 20.3831
144  16 23.7605 -3.4362 25.8715
160  16 24.1787 -4.2077 28.4906
176  16 18.2746 -3.9185 24.8364
192  16 20.8560 -2.9274 22.5375
208  16 32.2003 -1.7996 30.2623
224  16 31.8481 -1.0324 20.2778
240  16 28.7972 -0.9959 41.4918
256  16 23.7518 -1.7738 38.2846
272  16 15.2148 -2.2441 23.6538
288  16 16.6951 -2.1585 33.7661
304  16 17.0203 -1.8767 19.3933
320  16 16.1259 -0.3091 17.2727
336  16 22.5315  1.1429 23.8390
352  16 29.6134  3.3635 24.5269
368  16 35.0118  4.0916 24.9586
384  16 36.6233  3.9571 15.5881
400  16 34.9849  3.5294 21.0464
416  16 29.8259  3.3839 26.9720
432  16 24.6482  3.7045 20.2592
448  16 33.0574  2.4448 34.9891
464  16 39.0805  1.2676 20.6325
480  16 42.0291  0.5465 28.1471
496  16 44.3969  0.2250 21.6370
512  16 47.2849  0.1072 21.1490
528  16 51.2280  0.0839 22.5264
544  16 56.2643 -0.0590 24.9828
560  16 61.3055 -0.6651 22.8786
576  16 65.8702 -2.0241 34.7081
592  16 69.0748 -4.2177 22.4522
608  16 70.2975 -7.2021 31.3693
624  16 70.2799 -10.2086 18.8963
640  16 67.5015 -11.8226 19.2281
656  16 59.6315 -10.7678 28.4665
672  16 46.1037 -6.8440 21.2377
688  16 30.3700 -2.5441 20.1299
704  16 18.5511  0.0574 27.8346
720  16 21.3872  1.3372 20.6519
736  16 15.9270  2.5595 21.2423
752  16 15.1316  1.8470 25.4332
768  16 10.2884  1.4020 16.8811
784  16  5.2034  0.0299 25.5639
800  16  0.2924 -3.3393 14.3238
816  16 -5.6631 -9.0177 17.8567
832  16 -9.4397 -12.8556 15.6552
 16  32 -10.1875 -15.6733 21.1325
 32  32 -11.6167 -15.1468 30.5961
 48  32 -9.7382 -11.8466 37.7402
 64  32 -9.3579 -11.6106 35.5807
 80  32 -5.6155 -10.5408 23.8187
 96  32 -3.7824 -10.4908 20.5478
112  32 -1.1755 -8.8613 17.6826
128  32  3.3888 -7.0578 17.8254
144  32 10.6440 -5.7756 17.3007
160  32 23.9439 -3.5110 15.7932
176  32 13.7090 -5.3599 16.0115
192  32 14.0399 -4.5304 16.0646
208  32 21.1142 -4.2776 15.2020
224  32 15.6617 -4.1054 19.1835
240  32 20.8174 -2.2578 26.9234
256  32 31.2930 -1.4868 28.1234
272  32 24.2700 -0.9206 21.3882
288  32 23.2724 -0.2846 24.2552
304  32 22.2437 -0.0648 17.9532
320  32 21.3679 -1.2513 27.9651
336  32 24.7498 -0.7251 25.0572
352  32 25.8888 -1.1625 18.0664
368  32 31.9349  0.0608 18.4165
384  32 28.1808  0.0504 21.0299
400  32 29.4125  2.2290 15.0522
416  32 32.3580  2.1687 20.0179
432  32 32.1714  2.1903 19.4596
448  32 33.8255  1.7575 20.4929
464  32 34.2042  1.0211 20.6008
480  32 32.3729  1.0904 14.3747
496  32 37.1105  0.6928 19.0112
512  32 36.3858  0.4403 26.4893
528  32 35.7411  0.2586 16.8654
544  32 37.5246  0.1757 32.6650
560  32 39.5123  0.0111 28.8567
576  32 41.7205 -0.0185 22.6617
592  32 45.3677 -0.0223 16.1479
608  32 47.8894 -0.3247 25.6726
624  32 50.6057 -1.0584 27.0980
640  32 52.3473 -1.8743 27.9262
656  32 51.0975 -3.3136 32.1897
672  32 51.0506 -4.9424 32.7129
688  32 50.0628 -5.8095 36.4621
704  32 45.4679 -5.2661 22.6143
720  32 36.3573 -2.4078 26.4799
736  32 27.4708  0.1282 20.5417
752  32 22.3388  1.7516 13.0400
768  32 16.2129  0.7093 20.6835
784  32 10.3663 -0.3980 17.3378
800  32  6.6042 -1.8135 14.5778
816  32  2.7914 -3.7841 13.6748
832  32  0.4327 -5.2854  7.9295
 16  48 -1.0420 -7.0073 30.3721
 32  48 -5.3288 -11.5201 24.1264
 48  48 -7.3185 -11.6586 29.1280
 64  48 -7.6344 -11.5455 34.6234
 80  48 -7.2564 -11.8454 38.4517
 96  48 -4.1024 -12.6674 25.1944
112  48 -1.5455 -11.4701 27.0038
128  48  1.6284 -9.7150 31.7278
144  48  3.5194 -8.6915 30.6255
160  48  6.2957 -10.4189 22.8836
176  48 10.2558 -8.1229 25.9438
192  48 11.9880 -6.8266 29.2647
208  48 11.9928 -4.4606 24.7442
224  48 11.9593 -3.6999 29.2553
240  48 13.0282 -2.3526 27.8878
256  48 13.9849 -2.1870 20.5993
272  48 15.4854 -2.9060 27.2633
288  48 17.3474 -2.5851 27.3850
304  48 18.4271 -1.0963 29.1237
320  48 18.9598 -1.1651 30.3576
336  48 19.9804 -0.3626 26.8248
352  48 20.4556 -0.1450 22.1049
368  48 22.4212  0.3673 24.0360
384  48 23.9394  0.2224 22.8627
400  48 21.2659  0.3817 19.5347
416  48 25.2603 -0.1309 27.9164
432  48 24.5798 -0.0861 22.9505
448  48 27.2416  0.4426 21.8998
464  48 30.1961  0.2243 24.0068
480  48 26.6862  0.8720 18.5114
496  48 30.1691  0.6806 27.4799
512  48 30.6885  0.0830 25.3794
528  48 28.4076  0.0112 24.7906
544  48 31.3410  0.0854 26.6971
560  48 30.4291 -0.0282 26.7799
576  48 28.4177  0.0116 26.7072
592  48 31.0143  0.1211 23.9907
608  48 32.0157 -0.1151 26.9377
624  48 31.9008 -0.0168 29.0896
640  48 34.9897  0.2590 28.4050
656  48 34.6807  0.2389 27.9238
672  48 36.0540 -0.1360 27.8316
688  48 37.2482  0.3674 26.9052
704  48 32.9564  0.1188 26.8858
720  48 33.5725 -0.2997 26.2276
736  48 34.4666 -0.1305 21.9825
752  48 31.8021  0.6137 20.4847
768  48 23.7179  1.9326 22.5591
784  48 16.1974  1.2616 17.8672
800  48 10.6678  0.0398 19.7497
816  48  7.0765 -2.2499 16.9629
832  48  3.1500 -4.3616 10.2046
 16  64  0.1592 -6.1998 35.3108
 32  64 -2.7696 -9.5639 30.2698
 48  64 -3.5874 -11.1385 31.4063
 64  64 -4.0067 -12.3458 33.0948
 80  64 -4.9178 -13.4271 30.8723
 96  64 -2.3111 -13.8574 21.5836
112  64 -0.7544 -14.2289 28.3937
128  64  1.6868 -12.4445 34.3486
144  64  3.4493 -10.3131 29.2232
160  64  5.5365 -11.8005 22.2067
176  64  9.2569 -10.1217 28.9904
192  64 10.3113 -9.9126 33.3365
208  64 11.9775 -7.6041 31.5777
224  64  9.5081 -4.9887 26.1609
240  64 10.7907 -3.8442 24.8104
256  64 15.9701 -6.7664 25.6596
272  64 13.3560 -3.3137 22.2689
288  64 14.5888 -1.5726 21.2758
304  64 15.1954 -1.7024 27.3362
320  64 16.1723 -1.5504 32.1814
336  64 17.6272 -0.6218 27.0487
352  64 18.4136 -0.5260 28.0264
368  64 18.2447 -0.8334 28.6928
384  64 17.8741 -1.1963 22.4107
400  64 18.7332 -0.0927 24.2813
416  64 20.4397  0.0163 32.1496
432  64 20.8035  0.1383 29.1015
448  64 20.5954  0.0108 28.2844
464  64 21.3313  0.1632 31.8888
480  64 22.7180  0.7660 25.9157
496  64 24.0784  0.6703 32.2964
512  64 23.3868  0.5519 29.5972
528  64 23.8502 -0.0821 25.4760
544  64 23.6834 -0.6501 30.0023
560  64 24.7165 -0.7016 27.6587
576  64 24.1323 -0.4622 28.0965
592  64 23.9320 -0.3762 29.3610
608  64 26.7364 -0.3603 27.2484
624  64 24.6722 -0.0885 30.2567
640  64 26.4755 -0.1803 30.5024
656  64 25.9283 -0.1992 28.2033
672  64 23.4940  0.2758 30.7442
688  64 24.0534  0.6975 34.7375
704  64 22.2674  0.5052 35.9625
720  64 21.5939  0.3400 35.8264
736  64 20.1833  1.2314 27.7462
752  64 19.5075  1.7253 34.9372
768  64 18.5607  3.8775 23.0156
784  64 18.5781  6.4476 22.0155
800  64 11.9175 16.0318 19.2059
816  64  8.4772  6.3491 24.4543
832  64  3.5755 -0.3708 17.6699
 16  80 -1.7284 -4.4251 28.9695
 32  80 -0.4327 -7.5852 28.5574
 48  80 -1.6346 -10.1799 33.8519
 64  80 -2.0402 -12.7441 33.3593
 80  80 -0.5472 -15.5927 31.3634
 96  80 -0.4149 -15.8056 27.8256
112  80  1.4706 -15.7047 29.4415
128  80  3.3232 -15.2144 31.4069
144  80  3.2786 -12.4688 24.7664
160  80  4.7865 -10.3848 21.0787
176  80  8.4109 -11.3567 25.9416
192  80  9.9478 -10.0935 31.1128
208  80 10.8720 -8.9777 34.0771
224  80 11.7732 -6.8448 30.8553
240  80 13.6608 -5.0619 21.8574
256  80 15.4057 -7.4409 27.2995
272  80 12.6645 -3.8489 26.3060
288  80 12.7036 -1.6445 28.2842
304  80 13.3757 -1.6799 36.0033
320  80 15.3036 -1.7643 34.4202
336  80 16.1565 -1.6363 28.6871
352  80 17.4581 -0.9458 35.8884
368  80 16.9727 -0.7671 41.1708
384  80 15.4586 -1.0115 31.1767
400  80 17.6572 -0.5721 34.0615
416  80 17.4991 -0.5479 36.2851
432  80 18.0497 -0.2824 40.5661
448  80 17.0000 -0.6716 32.3345
464  80 18.4658 -0.5808 46.4940
480  80 18.5767 -0.8379 35.6167
496  80 20.1621  0.0089 36.3025
512  80 20.4925  0.0489 32.7458
528  80 20.2792 -0.4900 36.9895
544  80 19.3368 -0.3599 30.6356
560  80 19.2620 -0.1717 34.8441
576  80 19.7403 -0.4130 36.0017
592  80 19.5634 -0.5302 34.5316
608  80 19.6254 -0.3197 35.3730
624  80 20.2544  0.0863 31.9998
640  80 19.5772 -0.0418 36.1891
656  80 18.8291  0.0892 34.3714
672  80 18.7585  0.1110 38.8030
688  80 17.6831  0.5062 44.7148
704  80 17.4112  0.7487 40.1750
720  80 17.5155  1.0264 38.7382
736  80 15.8894  1.9659 26.9325
752  80 15.4428  2.1041 29.2326
768  80 12.7578  4.3941 21.8431
784  80 10.7689  8.4187 29.4708
800  80  8.3969 19.0539 22.7729
816  80  7.0023  8.5084 25.3206
832  80  4.6231  0.5973 15.8989
 16  96 -0.6861 -3.1450 33.1386
 32  96  0.2131 -6.2307 27.5736
 48  96 -0.6298 -9.7481 32.9616
 64  96 -1.3531 -13.4817 39.2488
 80  96 -1.1734 -14.4802 35.3285
 96  96  0.2245 -15.1567 32.8863
112  96  2.3336 -16.2834 42.4060
128  96  3.4492 -16.6125 43.7348
144  96  6.1476 -18.4467 33.9819
160  96  8.3248 -15.9900 30.3426
176  96  7.0412 -12.6003 33.6862
192  96  8.5726 -11.1003 41.3837
208  96  9.9153 -9.5480 45.0144
224  96 10.3272 -8.3824 40.5664
240  96 12.4486 -6.8057 27.1402
256  96 13.1725 -5.2715 33.2652
272  96 10.8292 -3.9989 33.9233
288  96 10.9323 -2.2500 36.9937
304  96 12.1943 -1.3033 46.1624
320  96 11.8155 -1.6286 39.7288
336  96 12.4383 -1.0879 45.4621
352  96 14.2068 -0.2586 34.4406
368  96 15.9318 -0.6953 38.6804
384  96 13.6109 -0.5953 34.5717
400  96 15.6563 -0.5931 35.8404
416  96 15.9618 -0.5854 33.2067
432  96 17.1138 -0.8098 41.1414
448  96 17.2604 -0.9621 39.6684
464  96 17.2421 -1.0589 43.1578
480  96 17.2890 -1.0341 36.9821
496  96 18.3604 -0.5576 34.6544
512  96 18.4988 -0.4002 31.9322
528  96 18.1512 -0.7171 39.5776
544  96 16.1325 -0.5936 32.8822
560  96 17.7663 -0.6110 36.7272
576  96 18.1585 -0.3408 38.7512
592  96 18.3255 -0.4096 38.4898
608  96 18.1159 -0.3326 40.3135
624  96 17.0221  0.1074 37.7547
640  96 16.2841  0.3010 36.7829
656  96 15.6503  0.2984 33.7942
672  96 14.2564  0.6615 36.3378
688  96 14.1058  0.7664 40.4383
704  96 13.2761  1.0224 40.1282
720  96 11.9733  1.4280 36.8907
736  96 11.4942  2.2547 28.8851
752  96 10.9120  3.4213 27.6691
768  96 10.0569  6.2171 22.5971
784  96  8.0865 11.3549 30.6635
800  96  7.5535 16.5511 23.3892
816  96  4.7051  7.6305 16.5600
832  96  2.2546  0.5764 24.4906
 16 112 -0.9728 -2.9519 31.8005
 32 112  0.6926 -5.2611 27.4422
 48 112 -0.1727 -10.3167 43.7690
 64 112 -0.4744 -11.4906 45.7927
 80 112 -0.7273 -13.6577 34.9859
 96 112  1.5734 -18.1800 42.5604
112 112  2.0848 -17.6725 44.4160
128 112  4.0947 -16.1157 38.0243
144 112  5.9166 -19.6161 37.2735
160 112  8.0717 -17.2269 35.3144
176 112  9.1981 -15.3766 32.5456
192 112  7.3499 -12.9715 37.6612
208 112  8.9724 -10.8187 48.4067
224 112  9.8602 -9.2466 44.6507
240 112 10.7181 -8.3415 37.9955
256 112 11.2586 -5.9216 32.9312
272 112 10.1427 -4.4089 31.6063
288 112  9.9078 -3.8203 35.9526
304 112 11.7381 -1.4740 43.4939
320 112 11.3226 -1.3986 43.1624
336 112 11.6548 -1.0885 52.4488
352 112 11.7166 -0.9185 38.8677
368 112 14.4516 -1.1849 34.9679
384 112 13.7039 -1.1153 32.8772
400 112 14.1068 -0.9626 35.7735
416 112 14.8469 -1.1359 33.2658
432 112 16.6627 -1.3152 39.2436
448 112 16.2860 -1.3033 37.7324
464 112 16.2563 -1.3400 37.6603
480 112 16.3937 -1.1491 35.8779
496 112 16.5177 -1.2356 38.6450
512 112 16.4130 -1.0146 38.9964
528 112 16.2091 -0.6772 41.1011
544 112 14.8195 -0.0574 37.4232
560 112 16.0468 -1.1567 34.8990
576 112 16.8398 -0.5106 38.5121
592 112 16.5109 -0.5652 44.3780
608 112 14.8920  0.0025 43.1582
624 112 14.4950 -0.0248 44.5644
640 112 14.4835  0.4446 38.6628
656 112 14.1426  0.5916 35.9572
672 112 12.7860  0.5863 38.3769
688 112 12.3357  1.1497 39.7554
704 112 10.7346  1.4246 43.8476
720 112  9.9895  1.8038 41.1663
736 112  9.5790  3.4451 32.9249
752 112  7.8895  6.1803 27.4564
768 112  7.6050  8.7797 26.3720
784 112  5.6597 12.8132 23.3715
800 112  3.1690 19.3702 23.9126
816 112  3.2735  9.5546 19.6087
832 112  1.2503  2.6740 17.7316
 16 128 -0.9576 -3.0764 42.0087
 32 128 -0.8339 -4.6049 34.6783
 48 128 -0.1434 -10.8995 46.5697
 64 128 -0.1567 -12.0424 45.2719
 80 128  0.6044 -18.8104 39.4412
 96 128  0.8431 -18.9988 45.5293
112 128  2.1056 -18.2973 45.3169
128 128  3.6746 -17.9626 38.0591
144 128  5.7360 -20.3075 36.1001
160 128  7.0336 -18.5953 30.8434
176 128  8.1861 -17.0936 27.7731
192 128  6.2367 -13.3871 30.9061
208 128  8.0786 -11.1990 46.3577
224 128  8.7008 -9.5697 45.9640
240 128  9.8334 -8.5176 50.3612
256 128 10.1726 -7.0467 41.4066
272 128 10.0061 -4.8973 31.1547
288 128 10.1541 -4.3479 35.6823
304 128 11.3907 -2.4259 39.6986
320 128 11.9177 -1.2850 40.1852
336 128 12.0703 -1.5383 43.8791
352 128 12.2515 -1.3912 42.2480
368 128 12.0888 -1.2894 38.6427
384 128 12.4028 -1.5258 32.6311
400 128 12.8738 -1.2074 34.9930
416 128 13.0848 -1.5268 31.4477
432 128 14.0958 -1.1971 32.9152
448 128 14.1327 -0.8903 36.8209
464 128 14.1326 -0.8913 38.8311
480 128 14.8171 -0.8039 41.2642
496 128 15.6967 -1.2482 42.0820
512 128 14.2329 -0.2592 37.8391
528 128 14.4029  0.0128 38.1137
544 128 13.9269 -0.1443 42.1966
560 128 14.1639 -0.5880 44.3601
576 128 14.4915 -0.5518 38.2664
592 128 13.5053 -0.4994 41.6457
608 128 13.3355 -0.3455 52.9872
624 128 13.4502  0.2585 43.7096
640 128 13.2409  0.6027 38.2524
656 128 12.7405  0.6094 36.7838
672 128 11.4480  0.6481 36.5768
688 128 10.5248  1.6154 39.5629
704 128  9.8959  2.0425 38.5594
720 128  8.8842  2.1230 33.1116
736 128  7.9511  3.8956 29.0929
752 128  6.8121  6.9464 28.6501
768 128  5.4998  8.3757 23.2132
784 128  3.5280 12.8268 23.0569
800 128  1.5454 20.5894 28.1221
816 128  1.8644  9.0920 29.9782
832 128  0.7964  2.7959 30.8576
 16 144 -0.8416 -2.9031 45.8361
 32 144  1.2105 -5.0925 30.1557
 48 144 -0.0289 -10.3313 38.5065
 64 144  0.1035 -12.9852 32.1044
 80 144  0.8255 -19.1128 36.4049
 96 144  1.0132 -20.0689 42.0331
112 144  2.1813 -19.8610 55.5542
128 144  2.6873 -19.2276 46.0556
144 144  4.3699 -16.8694 36.1815
160 144  4.5685 -15.5070 30.1774
176 144  3.4654 -13.0651 33.1560
192 144  4.9263 -11.1652 31.6347
208 144  6.3941 -11.7228 38.6284
224 144  7.6763 -10.0105 49.6183
240 144  8.4092 -8.2632 49.6640
256 144  8.8895 -6.9349 47.1397
272 144 11.2817 -5.1546 39.8741
288 144  9.5714 -4.3279 40.7592
304 144  9.6235 -3.1432 43.9537
320 144 10.8142 -1.9973 39.0895
336 144 11.8037 -1.9374 40.9485
352 144 12.1236 -1.6389 41.5745
368 144 11.2695 -1.3700 38.3596
384 144 11.3458 -1.4624 37.3061
400 144 12.1049 -1.5380 40.4669
416 144 11.7507 -2.0335 31.6247
432 144 12.7485 -1.3151 35.9558
448 144 12.7955 -0.8702 37.4970
464 144 13.0242 -0.9577 38.1881
480 144 12.9783 -1.4411 40.1642
496 144 13.3268 -1.6351 39.5142
512 144 13.0879 -1.4175 40.9301
528 144 13.0766 -0.9174 38.2993
544 144 13.0911 -0.4916 41.7530
560 144 13.2122 -0.5741 40.9329
576 144 12.2819 -0.9667 38.6097
592 144 12.1289 -0.5779 44.4026
608 144 12.1656 -0.2591 47.5728
624 144 11.9041  0.0321 41.0037
640 144 11.3439  0.3310 36.7186
656 144 10.8861  0.7167 36.5062
672 144 10.0877  1.4024 35.4361
688 144  9.3946  2.1630 36.9716
704 144  8.8828  2.5154 33.0781
720 144  7.9344  4.0878 26.9284
736 144  6.5765  4.8248 26.2504
752 144  5.6384  7.2880 30.4029
768 144  3.7613 10.1247 33.1604
784 144  2.2693 12.8812 30.5053
800 144  1.2806 18.7112 28.7933
816 144  1.4326  8.5919 34.9636
832 144  0.6317  3.2602 36.5862
 16 160 -0.3739 -2.1671 39.3911
 32 160 -0.0048 -9.1741 52.5270
 48 160  0.0002 -11.7429 46.3247
 64 160  0.1911 -16.2805 33.9524
 80 160  1.5504 -19.5885 38.2839
 96 160  1.9090 -19.5770 42.3359
112 160  2.1010 -19.8034 41.6108
128 160  2.1258 -20.1146 43.7427
144 160  2.7847 -18.5886 43.2974
160 160  3.9142 -15.9740 34.8589
176 160  3.5948 -14.0615 36.4358
192 160  5.4215 -14.9857 35.4346
208 160  6.2585 -13.2805 34.1607
224 160  7.5103 -10.7447 46.5244
240 160  7.9197 -8.8097 45.0318
256 160  8.2755 -7.3492 43.2802
272 160  9.9492 -5.9259 39.2137
288 160  8.1580 -4.6905 32.8889
304 160  9.3057 -3.4114 39.0876
320 160 10.3804 -3.2413 40.1253
336 160 10.4667 -3.0943 41.9104
352 160  9.8843 -2.6563 40.0313
368 160 10.5630 -2.4707 39.4646
384 160 11.0007 -1.9819 37.4488
400 160 11.1471 -1.9299 39.0142
416 160 11.9392 -2.2883 31.8896
432 160 11.8462 -1.6652 31.5486
448 160 11.6763 -1.0686 35.8903
464 160 12.0533 -1.0513 37.4110
480 160 12.3696 -1.3311 36.2972
496 160 12.3512 -1.2328 37.4544
512 160 13.0027 -1.7749 35.8241
528 160 12.9771 -1.8251 36.2794
544 160 12.8058 -1.2503 43.4251
560 160 12.2610 -0.7064 40.9085
576 160 11.8380 -0.8431 37.1753
592 160 11.7408 -0.6027 48.2716
608 160 11.4030 -0.1956 43.5445
624 160 11.1151  0.1171 40.7768
640 160 10.1340  0.6355 38.4562
656 160  9.7477  1.3882 40.8965
672 160  8.9771  2.5348 42.2223
688 160  8.2949  2.5768 39.0677
704 160  7.6616  2.6023 35.6324
720 160  5.6151  4.8328 23.7305
736 160  4.6721  3.6290 22.7243
752 160  4.6245  6.7257 23.7174
768 160  2.9165 10.5995 30.1209
784 160  1.8771 13.4778 28.9050
800 160  0.4183 27.1011 34.9674
816 160  0.5834 13.8572 34.7482
832 160  0.1704  4.9855 38.7356
 16 176 -0.4659 -2.4147 36.7217
 32 176  0.3438 -8.4864 48.5764
 48 176  0.2917 -11.5257 43.8938
 64 176 -0.0323 -17.2341 38.0287
 80 176  1.2374 -19.4309 35.6840
 96 176  1.3636 -20.9859 35.8962
112 176  0.8170 -21.2405 36.2224
128 176  1.7200 -20.7483 33.6276
144 176  1.4695 -19.7622 37.6385
160 176  2.7950 -16.5457 37.6664
176 176  3.8674 -14.3682 35.5114
192 176  7.1961 -15.7673 34.1974
208 176  5.6479 -13.7638 30.9795
224 176  6.5626 -10.6117 33.0724
240 176  6.7460 -9.4893 37.2992
256 176  8.0028 -7.9628 39.9523
272 176  8.6525 -6.5210 34.9638
288 176  8.8772 -5.3132 31.4369
304 176  8.4531 -4.5684 33.0362
320 176  9.3433 -4.4430 33.8035
336 176  9.5002 -4.0210 37.0838
352 176  9.4241 -3.5625 37.4376
368 176 10.2122 -3.1320 38.5206
384 176 10.4639 -2.6534 35.3665
400 176 10.0524 -2.2058 33.4106
416 176 11.3502 -2.2815 33.3328
432 176 10.8926 -2.5466 31.7558
448 176 10.8709 -2.3602 33.5123
464 176 11.6935 -1.3560 33.7007
480 176 11.6627 -0.8075 42.1348
496 176 12.0392 -1.6233 43.4941
512 176 12.0472 -2.0246 33.0997
528 176 12.0800 -2.0247 30.0434
544 176 11.8977 -1.6850 39.5402
560 176 11.5649 -0.9407 44.6010
576 176 11.3319 -0.4792 48.1011
592 176 10.7944 -0.4493 46.7239
608 176 10.8221 -0.2166 43.8452
624 176 10.1773  0.4512 42.2046
640 176  9.4386  0.9448 44.5442
656 176  9.2186  1.4551 49.6274
672 176  7.7902  2.1918 41.0705
688 176  7.5796  2.0815 37.1139
704 176  6.4978  2.3033 33.7246
720 176  5.2369  4.3606 26.3878
736 176  4.0797  4.4498 23.1321
752 176  3.9503  7.3765 25.7620
768 176  2.2854 11.1583 31.0171
784 176  0.5954 15.7778 27.3034
800 176  0.9062  9.0105 30.2710
816 176  0.6852  4.7682 18.2887
832 176  0.3135  0.9469 15.7649
 16 192  0.1379 -2.0572 38.5262
 32 192  0.7163 -6.6678 36.4733
 48 192  0.7949 -10.8652 39.2953
 64 192  0.6133 -18.4252 38.8835
 80 192  1.1782 -21.1341 44.7948
 96 192  0.8239 -22.8687 44.2645
112 192  0.3525 -22.9007 44.2405
128 192  0.7673 -22.3602 39.9102
144 192  2.0374 -21.9217 35.8079
160 192  2.6711 -19.0076 34.9784
176 192  3.3882 -14.9513 31.5269
192 192  6.2300 -17.9237 28.8401
208 192  4.2968 -12.1146 27.2765
224 192  4.2199 -10.4936 33.4520
240 192  4.7945 -7.8770 34.0455
256 192  7.3631 -8.7968 40.2975
272 192  8.2460 -7.8804 36.5784
288 192  8.4008 -6.9421 32.1465
304 192  9.9995 -6.8690 38.0180
320 192 10.4369 -6.2945 33.2269
336 192  9.0081 -4.5658 29.7011
352 192  9.6410 -4.3614 35.7447
368 192  9.9460 -3.5196 34.7306
384 192 10.3388 -3.1256 38.3607
400 192  9.4004 -3.3360 37.6215
416 192 10.2829 -3.2920 42.1727
432 192 10.5079 -2.5875 39.1648
448 192 10.9568 -2.1208 39.6387
464 192 11.1249 -3.0442 39.6132
480 192 10.3560 -2.1635 42.5566
496 192 11.2989 -2.1921 42.6871
512 192 11.2536 -2.3509 35.6101
528 192 10.9912 -2.2976 35.0012
544 192 10.5533 -2.0157 37.4348
560 192 10.0215 -1.3369 40.8657
576 192 10.2350 -0.4556 39.2526
592 192 10.3384 -0.3014 43.9737
608 192  9.2803 -0.1321 45.7816
624 192  8.7849  0.6116 42.6043
640 192  8.5640  1.7661 43.7278
656 192  8.1939  2.1998 39.4957
672 192  6.5032  1.8402 28.4517
688 192  6.8055  2.9706 30.2018
704 192  5.4008  4.7809 27.4335
720 192  5.5416  5.8787 29.4552
736 192  4.3488  7.0848 30.6045
752 192  3.0565  8.6456 35.9543
768 192  2.0496 11.4040 34.0901
784 192  0.2170 19.1028 29.5134
800 192  0.5303 10.1894 30.3169
816 192  0.4686  5.7518 21.9839
832 192 -0.2486  4.0597 22.6157
 16 208 -0.1562 -2.6665 38.7336
 32 208  0.4413 -8.0914 38.4271
 48 208  0.3893 -12.7766 44.9283
 64 208  0.9192 -16.7586 37.7717
 80 208  0.8849 -20.4757 31.4065
 96 208  0.5911 -22.0391 32.0270
112 208  0.5003 -22.4982 38.5403
128 208  0.7301 -21.6193 40.5239
144 208  1.4971 -19.7614 31.1369
160 208  2.1821 -18.3485 28.1738
176 208  3.6842 -15.3072 29.4353
192 208  2.2676 -13.5807 28.1457
208 208  3.4628 -11.2659 25.9479
224 208  3.6558 -9.7479 30.0721
240 208  5.7673 -11.7875 33.6574
256 208  7.4031 -9.2131 38.1079
272 208  8.5158 -8.2149 41.8154
288 208  8.8004 -8.6604 42.5089
304 208  9.6305 -7.3370 42.1125
320 208  9.9059 -6.0581 33.9953
336 208  9.4655 -5.2610 26.6427
352 208  9.1265 -4.3764 33.6868
368 208  9.0988 -4.1229 38.8166
384 208  9.5275 -3.8409 43.1676
400 208  9.3470 -3.3799 45.3220
416 208  9.4164 -3.2395 44.2261
432 208 10.3654 -3.0306 41.0337
448 208 10.1470 -2.7742 38.2671
464 208 10.9056 -3.6861 36.8022
480 208 10.3324 -3.0297 37.8625
496 208 10.6037 -2.3920 41.7299
512 208 10.8449 -2.3256 37.0409
528 208 10.1438 -2.3310 37.4400
544 208  9.7554 -2.0499 37.7081
560 208  9.6317 -1.4659 35.4782
576 208  9.4456 -0.5830 35.4656
592 208  8.9610 -0.2290 43.9734
608 208  8.2894  0.1399 42.1536
624 208  7.8331  0.3663 40.9552
640 208  7.2920  1.6530 43.5717
656 208  7.3338  2.3141 34.7494
672 208  6.0314  2.8491 28.7602
688 208  5.7412  3.8693 27.7122
704 208  5.7805  6.1659 29.3404
720 208  5.1765  6.8770 29.9200
736 208  4.3213  7.3884 28.4860
752 208  2.6467  8.5625 29.4112
768 208  2.1069 11.7216 31.5971
784 208  0.6478 19.9228 32.8394
800 208  0.6615 26.0089 25.7352
816 208  0.4623 12.1549 19.8843
832 208 -0.6123  5.4325 18.3095
 16 224 -0.4938 -3.8662 36.3074
 32 224  0.5127 -9.4435 38.6523
 48 224  0.4115 -12.7904 39.7452
 64 224  0.8230 -18.3833 40.8221
 80 224  0.7785 -22.9698 50.2259
 96 224  0.8564 -24.5086 39.5172
112 224  1.3255 -23.3375 27.6658
128 224  1.1964 -23.6113 35.0835
144 224  1.2075 -22.8738 36.7164
160 224  1.3429 -20.7368 35.5278
176 224  2.9577 -16.8808 38.1211
192 224  1.8561 -14.8093 35.0382
208 224  3.5395 -11.7822 33.4891
224 224  4.2762 -11.0191 32.2142
240 224  6.6362 -12.5520 32.8656
256 224  6.9293 -10.3242 40.8078
272 224  7.7709 -9.0376 45.8506
288 224  8.0996 -8.2299 45.8629
304 224  9.2402 -7.5048 45.7018
320 224  9.5136 -6.2511 34.0849
336 224  9.5323 -5.2726 30.7780
352 224  8.5614 -4.2297 37.6216
368 224  8.9256 -3.7010 40.3103
384 224  9.5601 -3.4103 41.8302
400 224  9.8739 -3.6034 40.3524
416 224  9.2886 -3.4458 40.5822
432 224  9.2977 -3.4670 44.5585
448 224  8.8497 -3.8573 38.5744
464 224 10.0924 -3.8270 34.1144
480 224 10.2281 -3.4636 34.5471
496 224  9.8280 -3.1676 38.2094
512 224 10.3987 -2.7934 32.8463
528 224  9.7558 -2.1789 33.1920
544 224  8.9754 -1.8293 37.1278
560 224  9.0710 -0.8249 41.2786
576 224  8.6945 -0.7001 40.7859
592 224  8.2613 -0.4305 43.3017
608 224  7.8401  0.2711 39.5962
624 224  7.2832  0.8256 32.5196
640 224  7.0634  1.2077 35.8282
656 224  6.4165  2.0088 31.0107
672 224  5.2532  3.1782 29.4956
688 224  4.7029  3.5486 28.4771
704 224  5.1956  6.1830 23.6623
720 224  4.1759  7.3119 32.8664
736 224  3.4730  8.1886 31.0603
752 224  3.0029 10.7431 26.8408
768 224  2.1562 14.4186 27.9909
784 224  0.9854 21.9076 34.3137
800 224  0.5179 27.5321 31.8310
816 224  0.5335 12.1934 20.4700
832 224 -0.1358  3.9502 18.3955
 16 240  0.0257 -3.6904 37.1919
 32 240  0.6372 -10.5454 38.8627
 48 240  0.0107 -15.9399 44.4248
 64 240  0.5386 -18.1295 47.2750
 80 240  0.6629 -21.5884 48.5232
 96 240  0.8288 -23.0244 46.7962
112 240  1.4613 -23.9231 32.3069
128 240  1.3749 -22.7306 28.0932
144 240  1.8494 -21.7002 31.7879
160 240  2.1633 -21.3582 38.0255
176 240  2.5333 -17.7686 20.7812
192 240  5.7507 -17.3138 23.4318
208 240  4.1245 -12.8766 33.3581
224 240  4.3125 -11.4057 34.7278
240 240  5.3567 -12.8265 36.2584
256 240  6.7946 -10.6839 42.4149
272 240  7.7476 -8.7080 40.3713
288 240  7.3723 -8.3116 40.9985
304 240  8.6227 -6.5987 38.6551
320 240  8.8659 -5.2754 32.3212
336 240  9.2812 -5.3567 34.9523
352 240 10.3222 -5.0179 36.7392
368 240  8.4869 -4.8960 34.8796
384 240  9.6662 -4.3183 40.1901
400 240  9.7569 -3.9496 38.5142
416 240  9.5676 -4.0363 37.9790
432 240  9.1568 -4.2047 40.9194
448 240  9.6808 -4.1922 40.6153
464 240  9.9928 -3.7643 34.5526
480 240  9.8990 -3.3027 31.9398
496 240  9.9014 -2.6550 33.5215
512 240 10.2674 -2.2142 35.8907
528 240  9.8700 -1.8036 39.0906
544 240  8.7274 -1.7920 40.6772
560 240  8.8916 -0.8434 41.8484
576 240  8.7861 -0.4757 40.1993
592 240  8.6769 -0.5182 41.7710
608 240  6.8332  1.2508 30.2362
624 240  6.5390  1.4680 27.7482
640 240  6.3863  1.5263 28.0786
656 240  5.9899  2.1348 27.8913
672 240  4.3546  3.4266 26.6226
688 240  4.2009  4.6895 28.5861
704 240  4.5055  5.4308 26.8953
720 240  3.2958  6.8167 29.0988
736 240  2.7728  9.0458 28.8410
752 240  2.6846 11.2249 27.7990
768 240  2.1848 14.3727 26.6421
784 240  0.5342 23.1441 29.3912
800 240 -0.2140 28.3024 30.6931
816 240  0.0555 13.1262 15.7701
832 240  0.2399  4.2720 14.6226
 16 256  0.0194 -4.4511 34.1322
 32 256  0.6597 -10.5910 39.2870
 48 256  0.2477 -16.5210 52.3734
 64 256  0.5035 -18.6950 51.5906
 80 256  0.6333 -21.3503 49.2095
 96 256  1.0493 -23.8900 47.0017
112 256  2.7570 -26.2767 42.6242
128 256  2.1860 -24.5957 37.6077
144 256  1.9028 -22.9325 42.1382
160 256  2.2659 -20.8806 45.3386
176 256  2.9939 -18.9745 38.5110
192 256  3.9223 -16.5818 30.1659
208 256  4.5292 -15.6216 31.6625
224 256  4.0336 -11.8186 26.6578
240 256  5.0023 -13.0854 31.7031
256 256  6.3850 -11.4345 42.2396
272 256  7.8040 -9.3192 43.6469
288 256  7.8718 -8.7883 41.8886
304 256  8.6244 -7.3108 38.8986
320 256  9.0645 -6.2749 38.0390
336 256  9.1366 -6.6837 41.0462
352 256  9.2174 -6.8577 34.1253
368 256  9.1891 -6.1498 33.0846
384 256 10.0112 -5.1522 35.7002
400 256  9.0935 -4.5975 39.6027
416 256  9.6273 -4.8056 35.9569
432 256  9.2308 -4.5263 32.6836
448 256  9.1814 -4.5638 33.3250
464 256  9.9756 -4.3193 34.2706
480 256  9.4861 -2.7422 32.3010
496 256  9.7040 -2.1140 33.9408
512 256  9.9370 -1.8589 35.9626
528 256  9.0824 -1.3398 36.4784
544 256  8.0957 -1.5211 37.4111
560 256  8.3838 -1.0312 39.7861
576 256  8.3381 -0.2257 35.3596
592 256  7.7812 -0.2302 41.2299
608 256  6.3983  0.8638 34.3343
624 256  6.0209  1.1801 31.4556
640 256  5.3096  1.7781 28.7150
656 256  5.1232  2.9591 26.7531
672 256  4.3937  3.5636 23.1913
688 256  4.2262  4.3104 24.3209
704 256  3.8148  6.4937 30.2099
720 256  3.0794  7.7738 28.1231
736 256  2.7975  9.4487 25.9573
752 256  2.4690 10.9892 29.1559
768 256  1.8718 14.1925 30.2226
784 256  0.1796 23.4304 32.4695
800 256  0.4537 12.4255 30.3365
816 256  0.4195  5.6301 17.6654
832 256  0.3051  2.0114 20.7976
 16 272  0.4665 -5.7815 27.6451
 32 272  0.3116 -11.5210 35.8371
 48 272  1.5545 -17.2737 39.4808
 64 272  1.4785 -19.7465 42.4459
 80 272  0.8432 -22.0888 44.7060
 96 272  0.9862 -24.7253 51.5543
112 272  1.7211 -26.1451 51.0928
128 272  1.7645 -24.8805 41.1833
144 272  1.4915 -23.2356 42.5780
160 272  1.9746 -22.3185 51.8708
176 272  2.4277 -21.3005 42.1411
192 272  3.7164 -17.8430 35.3946
208 272  4.1847 -16.3019 32.4008
224 272  6.9303 -15.3342 30.0758
240 272  4.9658 -10.5369 32.9519
256 272  5.4657 -12.1818 35.3195
272 272  7.3425 -10.1057 38.7996
288 272  8.0856 -8.6720 45.3048
304 272  8.5714 -7.0946 41.9053
320 272  9.1645 -6.2825 32.2589
336 272  9.2338 -6.0760 39.8179
352 272  8.2595 -6.0266 32.7341
368 272  9.8387 -5.6813 37.9645
384 272  8.9838 -5.8325 34.4444
400 272 10.2302 -5.8239 38.5532
416 272 10.2384 -5.4853 36.5505
432 272  8.6217 -4.6982 31.1368
448 272  8.4001 -4.5230 30.0471
464 272  8.2655 -4.7284 26.9719
480 272  9.0054 -2.5679 33.6572
496 272  9.2638 -2.5854 34.1385
512 272  8.9718 -2.5710 36.6744
528 272  8.0557 -1.7047 33.6325
544 272  7.4199 -1.5684 34.0652
560 272  6.7351 -1.1187 33.4499
576 272  6.9026 -0.3040 31.2585
592 272  6.5309  0.3140 36.5278
608 272  5.6418  1.3832 34.7971
624 272  5.2372  1.7531 27.6528
640 272  4.8620  2.8330 27.0877
656 272  4.3736  3.9747 25.1528
672 272  4.0675  4.1871 21.0991
688 272  3.9642  5.2340 20.9209
704 272  3.1799  7.1247 27.0057
720 272  2.4815  8.4245 27.9270
736 272  2.0782  9.7984 29.5457
752 272  2.0465 11.7426 31.4296
768 272  1.5731 14.9614 31.3014
784 272  0.5453 22.3033 37.1626
800 272  0.5918  9.1778 35.6958
816 272  0.4761  5.1015 22.6746
832 272  0.0133  4.5649 20.8363
 16 288  0.2166 -4.7257 32.4244
 32 288  0.0993 -11.5853 41.9171
 48 288  1.1375 -17.3948 41.8002
 64 288  1.2932 -20.2845 37.3617
 80 288  1.0904 -23.5075 38.6810
 96 288  2.4249 -25.4359 52.3187
112 288  1.7912 -24.3668 45.5055
128 288  0.7935 -22.9715 30.2053
144 288  1.4518 -22.8623 36.3127
160 288  1.9827 -21.9518 39.9304
176 288  2.3499 -20.4471 36.6007
192 288  3.7397 -18.3118 31.3004
208 288  2.7119 -14.3624 22.2377
224 288  4.7935 -11.5413 31.2468
240 288  4.9273 -10.6794 35.9983
256 288  5.5070 -12.3557 36.5870
272 288  6.8333 -10.0610 33.1009
288 288  7.7961 -8.1846 36.0101
304 288  8.5340 -7.0455 40.9968
320 288  8.2797 -7.3577 38.3721
336 288  9.2463 -6.6793 44.1302
352 288  8.7584 -6.9950 39.7834
368 288 10.4486 -6.1351 43.8319
384 288  9.6889 -5.1860 31.9159
400 288 10.1760 -5.1445 30.7612
416 288  8.4992 -4.7182 33.2894
432 288  8.3632 -4.4632 34.7501
448 288  8.3978 -4.3612 33.4671
464 288  8.1180 -3.9331 30.1390
480 288  8.7754 -2.6512 35.3308
496 288  8.7387 -2.9527 34.6209
512 288  7.9961 -2.6855 35.9611
528 288  7.1479 -1.4494 34.1063
544 288  7.1368 -1.2288 34.2436
560 288  5.7856 -1.0959 31.0776
576 288  5.9708 -0.2271 32.5576
592 288  5.4071  1.0380 32.0169
608 288  5.0242  1.5080 29.1836
624 288  4.3341  2.2045 27.7090
640 288  4.2485  2.7744 25.5674
656 288  3.8235  4.2177 24.3548
672 288  3.0902  4.8299 22.1362
688 288  2.9720  5.7237 25.7806
704 288  2.7186  6.6693 29.8178
720 288  2.3470  8.9580 31.0845
736 288  1.9235 10.3179 34.5866
752 288  1.6660 12.2541 35.2656
768 288  0.8220 15.5614 31.3241
784 288  0.5059 24.6214 30.6889
800 288  0.3759 13.4310 30.3415
816 288  0.4914  6.7314 19.9410
832 288 -0.2072  6.6001 18.7648
 16 304 -0.1200 -4.1268 32.6925
 32 304  0.3564 -11.5266 41.5968
 48 304  0.8357 -15.7106 35.2797
 64 304  1.4139 -19.2152 39.8920
 80 304  1.9864 -24.2664 44.0322
 96 304  3.3943 -26.1475 44.2861
112 304  4.1652 -25.3940 39.8581
128 304  3.5651 -25.3346 36.8965
144 304  2.4312 -23.5195 31.7809
160 304  2.6434 -20.5569 32.4769
176 304  3.0029 -19.7987 34.0241
192 304  4.0327 -19.1236 27.2473
208 304  5.3560 -19.8541 30.4862
224 304  6.3057 -17.8512 32.0437
240 304  6.1275 -14.9307 28.3164
256 304  5.9394 -11.2503 30.0063
272 304  7.2599 -9.6115 42.4298
288 304  7.6552 -9.5879 43.9660
304 304  7.9866 -8.2244 38.1937
320 304  7.4030 -7.8938 35.3578
336 304  8.1404 -6.9933 36.5537
352 304  8.0955 -6.0922 33.4686
368 304  9.2184 -5.6256 34.7194
384 304  9.9502 -5.7652 30.1391
400 304  9.9081 -5.3726 28.7245
416 304  8.1928 -4.4557 31.9546
432 304  7.8986 -4.1379 32.3195
448 304  7.3948 -3.5708 30.7750
464 304  7.7941 -2.9406 34.1015
480 304  7.1108 -2.8053 33.5562
496 304  6.9855 -2.4781 35.6354
512 304  6.8539 -1.7887 37.3696
528 304  6.7666 -0.7572 36.8578
544 304  6.1819 -0.2418 32.4464
560 304  5.7397 -0.4985 29.9049
576 304  4.9075  0.5634 29.0456
592 304  4.4602  1.5728 31.0981
608 304  4.3905  1.8485 28.6269
624 304  3.6298  2.4840 31.5075
640 304  3.6040  3.0033 28.6347
656 304  3.6064  4.9302 23.5175
672 304  2.5352  5.6797 25.6641
688 304  2.2939  5.6220 27.5204
704 304  2.2425  7.1187 34.1880
720 304  1.6201  9.5006 35.6038
736 304  1.5645 10.5263 34.3868
752 304  1.5001 11.8364 31.6538
768 304  0.9475 16.0550 26.4266
784 304 -0.5826 29.1117 30.0035
800 304 -0.3194 15.6015 31.4164
816 304 -0.1518  6.9508 32.3535
832 304 -0.0469  5.2584 23.3097
 16 320 -0.2773 -3.5335 35.3565
 32 320  0.7834 -12.0827 36.4549
 48 320  1.0579 -15.9706 30.1219
 64 320  1.9718 -20.8299 44.0647
 80 320  2.3577 -24.3204 47.9629
 96 320  1.7423 -24.9227 41.5979
112 320  2.9471 -24.8492 37.2847
128 320  3.3918 -24.6302 32.5668
144 320  3.1753 -21.1061 22.0969
160 320  3.0020 -21.7419 27.8142
176 320  3.8581 -20.8411 25.4854
192 320  5.0267 -23.2790 28.3729
208 320  4.7130 -18.2443 33.0179
224 320  6.4415 -17.4418 35.7675
240 320  7.7030 -15.7670 36.3599
256 320  6.5296 -11.7512 34.0740
272 320  7.3538 -9.5475 40.7872
288 320  7.2786 -8.5424 40.3398
304 320  7.7702 -8.2814 41.8356
320 320  7.7030 -7.3758 35.9322
336 320  7.2356 -6.9799 33.9149
352 320  7.7549 -6.7366 32.4123
368 320  7.7310 -6.2816 32.5959
384 320  8.1625 -5.0521 26.6733
400 320  7.9681 -4.2520 31.0461
416 320  7.5673 -4.4103 32.7351
432 320  7.0087 -4.2694 29.4280
448 320  6.3332 -4.1305 24.9036
464 320  7.5431 -3.5389 29.6055
480 320  6.6933 -2.8761 32.2172
496 320  6.4382 -2.1435 37.3591
512 320  6.1243 -1.5494 36.1334
528 320  5.7248 -1.3841 35.5305
544 320  4.6008 -1.0894 30.7840
560 320  5.1365 -0.2405 30.0181
576 320  5.0905  0.2183 30.5014
592 320  4.3865  1.0689 32.0479
608 320  3.5523  2.1206 30.8845
624 320  3.2724  3.1008 30.3055
640 320  2.4501  2.7240 34.5311
656 320  2.6919  4.3231 29.7592
672 320  2.5044  5.8364 30.7855
688 320  2.0010  6.0923 31.4376
704 320  1.5156  7.9998 39.2497
720 320  1.3137  9.4239 41.8910
736 320  1.3622 10.8162 34.9336
752 320  1.3841 11.8622 29.2675
768 320  0.2647 19.0888 25.5918
784 320 -0.7658 29.6752 26.8272
800 320 -0.1208 14.2965 32.5049
816 320 -0.1938  7.8973 25.2439
832 320 -0.3622  7.1596 14.4845
 16 336 -0.2812 -3.5089 34.8602
 32 336  0.5414 -13.5204 36.6548
 48 336  1.4092 -17.2303 38.3857
 64 336  1.9683 -20.6676 44.1496
 80 336  2.1354 -22.4854 52.2448
 96 336  1.6654 -23.6471 48.3755
112 336  3.4591 -24.6063 40.2500
128 336  6.3916 -29.1805 41.5750
144 336  6.7282 -30.7247 38.1034
160 336  3.0335 -22.5040 29.3754
176 336  4.0936 -21.2234 30.0029
192 336  5.0920 -23.9476 31.5310
208 336  5.0016 -23.7122 38.0501
224 336  6.4548 -18.2204 37.5680
240 336  6.8362 -15.8669 32.3301
256 336  6.1751 -11.4170 25.7927
272 336  7.0187 -10.0488 28.0162
288 336  6.2049 -8.8012 32.6319
304 336  6.7977 -8.3614 38.9729
320 336  7.1656 -7.3750 36.4153
336 336  6.7638 -6.6642 33.4851
352 336  6.9671 -7.0046 33.4039
368 336  6.9367 -7.0005 32.3377
384 336  8.1699 -5.3291 27.3960
400 336  7.3070 -3.8083 31.5960
416 336  6.9123 -4.0773 31.7377
432 336  6.1749 -4.3481 27.1320
448 336  6.0318 -3.7525 25.8170
464 336  6.4583 -3.3618 27.6127
480 336  6.1206 -2.7399 29.7556
496 336  6.0981 -2.0681 33.5837
512 336  5.5121 -1.3764 31.9743
528 336  4.6562 -1.2032 34.5170
544 336  4.4847 -0.7918 34.9093
560 336  3.9826 -0.4370 35.2511
576 336  4.1874  0.4752 33.7505
592 336  3.9810  1.6906 31.1281
608 336  3.3688  2.2053 31.6797
624 336  2.8501  2.8858 30.6477
640 336  1.9726  3.2424 32.6461
656 336  2.1429  3.6515 33.4403
672 336  2.5038  5.3194 32.9376
688 336  2.0145  6.1728 38.2994
704 336  1.2116  7.7807 41.0793
720 336  1.3413  9.7845 39.9291
736 336  1.3008 11.5015 36.0909
752 336  1.1187 13.4281 31.2046
768 336  0.2825 23.2570 31.0631
784 336  0.0120 13.9148 29.0506
800 336  0.0253  7.4613 34.1240
816 336 -0.7196  7.7911 23.3423
832 336 -0.3481  5.8879 20.0772
 16 352  0.4273 -7.1603 32.3986
 32 352  0.4307 -12.0949 35.8543
 48 352  1.6492 -17.3974 38.4647
 64 352  1.6614 -21.0437 48.5660
 80 352  2.7923 -22.0848 44.9879
 96 352  2.8672 -21.6269 40.3938
112 352  6.4450 -28.3265 49.8614
128 352  6.4829 -29.3961 40.6469
144 352  6.4910 -30.2365 26.9879
160 352  6.0895 -31.2940 28.3552
176 352  3.2474 -21.1982 33.1193
192 352  4.2069 -20.3325 30.7354
208 352  5.9994 -22.3605 38.5636
224 352  6.5215 -20.2824 36.0526
240 352  6.3179 -16.0761 26.1255
256 352  5.2242 -13.0942 28.8176
272 352  6.4001 -10.3145 35.0460
288 352  6.2128 -8.8028 34.9710
304 352  5.7385 -8.2196 34.8262
320 352  6.0533 -6.8777 36.8124
336 352  4.0993 -4.6749 28.3905
352 352  3.9371 -4.0596 28.3940
368 352  6.9422 -6.3953 28.1896
384 352  7.1558 -5.7324 30.4409
400 352  6.1414 -4.5130 27.6693
416 352  6.7541 -4.4900 30.5984
432 352  6.1863 -4.4471 28.0139
448 352  5.5580 -2.8242 30.8950
464 352  4.8764 -2.5908 28.4492
480 352  4.8741 -2.2388 28.7692
496 352  5.1304 -1.7033 30.3489
512 352  4.5680 -1.7214 32.8510
528 352  3.5812 -1.3119 38.7415
544 352  3.9483 -0.7161 38.7821
560 352  3.1685  0.2413 38.7335
576 352  2.4757  0.9050 36.8776
592 352  3.2039  2.1457 32.6796
608 352  3.4324  2.3189 31.9635
624 352  2.4969  2.5973 33.6964
640 352  2.2727  3.8178 31.6298
656 352  2.4204  4.6288 27.2741
672 352  1.4862  5.9277 34.5693
688 352  1.1051  6.4782 41.6280
704 352  1.1249  8.6114 38.1043
720 352  1.3218  9.7175 34.9292
736 352  1.0303 11.0930 31.6708
752 352  0.7866 14.4916 27.4405
768 352  0.3599 20.8570 31.4708
784 352  0.0651 28.4325 26.4838
800 352 -0.2884 14.4870 21.3743
816 352 -1.0102 10.0321 15.9667
832 352 -0.6682  0.3117 17.0075
 16 368  0.2965 -7.9836 39.5526
 32 368  0.0008 -10.3877 35.0364
 48 368  1.8525 -17.7852 29.1230
 64 368  2.3489 -21.6076 49.2242
 80 368  3.7488 -22.5217 38.1728
 96 368  4.1928 -22.4997 40.1526
112 368  6.7265 -29.4817 52.3735
128 368  5.8649 -29.9386 37.2264
144 368  6.7187 -30.4319 42.5091
160 368  5.8961 -30.9474 39.5215
176 368  5.9364 -30.1318 31.1785
192 368  2.5485 -20.7278 33.7454
208 368  3.8048 -19.9506 39.1224
224 368  4.5885 -18.9748 34.8608
240 368  3.4664 -12.9573 28.6595
256 368  3.8611 -10.8926 30.0692
272 368  4.3221 -8.8458 28.0914
288 368  4.7004 -7.5093 27.5721
304 368  4.7834 -6.9075 30.3660
320 368  3.8875 -5.8922 30.6136
336 368  3.8408 -4.5943 26.1636
352 368  4.2443 -4.2243 24.6358
368 368  6.0790 -5.5811 23.5113
384 368  6.9383 -5.3151 27.3502
400 368  5.3281 -3.2644 27.6487
416 368  5.5851 -3.1879 33.6162
432 368  5.4098 -3.6547 34.3805
448 368  4.8728 -2.5296 32.0645
464 368  4.6740 -2.5077 30.6303
480 368  4.4517 -2.2591 30.3785
496 368  4.0799 -1.6272 29.5850
512 368  3.8026 -1.3119 32.6913
528 368  3.1096 -1.2322 38.2307
544 368  2.8862 -0.4293 41.6913
560 368  2.6588  0.5359 41.4852
576 368  2.3644  1.1287 39.1434
592 368  2.6770  1.7633 36.7535
608 368  2.5636  1.9771 35.5862
624 368  1.7764  2.4206 35.2478
640 368  2.1293  4.2203 34.2095
656 368  1.6088  4.9039 28.2407
672 368  0.8217  6.0247 34.4480
688 368  0.6108  6.6350 37.7820
704 368  0.9549  8.5273 37.0266
720 368  0.9745  9.2413 37.7871
736 368  0.6645 11.5982 35.2793
752 368  0.0708 15.3605 29.6955
768 368  0.1199 20.6727 35.0698
784 368 -0.0800 12.5417 28.4205
800 368 -0.4072  8.9172 25.9184
816 368 -0.9918  7.9848 27.6915
832 368 -0.9622  5.3914 15.7685
 16 384 -0.0013 -7.4713 38.4818
 32 384 -0.0103 -11.8408 34.3095
 48 384  1.1130 -17.0362 31.5154
 64 384  3.1826 -20.4723 38.4097
 80 384  6.3389 -27.2122 34.7317
 96 384  6.3109 -26.2636 37.0041
112 384  7.3882 -28.0299 51.9184
128 384  7.7541 -29.1372 42.2296
144 384  6.9541 -30.1155 37.3335
160 384  6.1268 -30.4856 40.3173
176 384  4.6406 -29.0035 35.8643
192 384  2.9043 -26.0440 35.2091
208 384  1.8783 -21.3197 40.9329
224 384  1.9028 -17.2378 39.4769
240 384  1.9072 -13.7028 33.3905
256 384  2.4560 -11.1803 33.4996
272 384  2.2323 -9.2451 33.4694
288 384  2.8175 -7.8313 29.2059
304 384  3.1237 -7.2788 31.6801
320 384  3.0362 -5.5770 27.7436
336 384  4.0050 -4.9858 24.8465
352 384  3.8784 -5.2536 26.6494
368 384  2.9053 -4.8303 25.0612
384 384  2.4827 -2.6237 32.9989
400 384  4.1703 -2.3186 32.3953
416 384  4.1933 -2.8077 31.6029
432 384  3.7073 -2.9127 31.7774
448 384  3.6270 -1.9852 30.1554
464 384  3.9300 -1.6476 30.3896
480 384  4.0128 -1.9813 30.6840
496 384  3.8048 -1.5718 31.4659
512 384  3.3569 -1.1886 36.3589
528 384  2.5550 -0.6652 44.3903
544 384  2.4816  0.1185 46.3597
560 384  2.6555  0.4864 42.9276
576 384  2.7645  0.8782 37.4561
592 384  1.8037  1.7314 40.7085
608 384  1.6560  2.2096 41.9163
624 384  1.5695  2.5666 40.1098
640 384  1.9138  3.7243 38.0736
656 384  1.0456  3.9655 35.1760
672 384  0.3413  5.5401 32.7678
688 384  0.5300  7.1302 38.7974
704 384  0.8917  8.0146 42.3822
720 384  0.7909  9.9575 42.0651
736 384  0.3835 11.4564 38.0487
752 384  0.2315 15.3651 31.2730
768 384 -0.4775 20.2601 33.0015
784 384 -1.3571 28.8140 26.5595
800 384 -1.1065 16.4363 20.9407
816 384 -0.8945  8.7773 16.9675
832 384 -0.2604 -1.6635 27.1573
 16 400 -0.0255 -6.6130 39.5160
 32 400  0.2777 -11.8810 35.1065
 48 400  1.0174 -16.9730 31.7640
 64 400  4.7165 -20.1554 19.3434
 80 400  8.5699 -26.4665 40.9543
 96 400  8.6192 -26.5435 41.5727
112 400  8.4531 -27.7007 54.4676
128 400  7.6200 -28.7640 37.1422
144 400  5.8604 -29.8288 32.3558
160 400  3.8514 -27.7532 38.3533
176 400  3.3999 -28.7040 31.8529
192 400  2.0271 -24.1314 28.8196
208 400  0.5852 -20.6868 41.1883
224 400  0.7766 -17.6464 49.4603
240 400  0.9052 -15.8969 45.7026
256 400  0.9895 -12.3893 42.3890
272 400  0.8874 -10.5398 45.1320
288 400  1.4544 -8.9072 37.0604
304 400  1.3853 -6.2268 35.8045
320 400  1.1597 -5.1791 31.4041
336 400  2.1287 -5.7162 28.6231
352 400  2.6497 -4.7701 33.6045
368 400  2.3743 -4.2070 35.2100
384 400  2.2425 -2.9005 38.0133
400 400  3.0987 -2.4142 35.5648
416 400  3.2989 -2.9827 28.2027
432 400  3.6584 -3.2480 26.2715
448 400  3.3404 -2.4547 31.7352
464 400  2.7218 -2.1387 33.8528
480 400  2.3513 -2.0713 34.1606
496 400  2.4938 -1.4601 40.3254
512 400  2.7619 -0.9349 45.5308
528 400  2.4518 -0.2320 47.8847
544 400  2.2158  0.5806 41.7457
560 400  2.2023  1.0046 38.8686
576 400  1.8324  1.1414 39.9540
592 400  1.3158  1.6382 43.0311
608 400  1.1713  1.8590 41.0361
624 400  0.9923  2.4210 43.1064
640 400  1.5335  3.4563 42.3674
656 400  1.2444  3.7964 36.4418
672 400 -0.3188  5.3990 33.3017
688 400 -0.0974  6.6442 36.5297
704 400  0.3931  7.6033 39.8867
720 400  0.4352 10.1912 37.8827
736 400  0.3018 12.2409 33.7104
752 400 -0.1583 15.5866 32.4921
768 400 -1.1452 21.6993 33.0518
784 400 -1.4277 14.9426 28.5710
800 400 -1.1555 10.9469 28.2146
816 400 -1.0882  6.2504 26.3318
832 400 -0.8522  5.1300 27.8132
 16 416  0.0856 -4.4820 38.5011
 32 416  0.4048 -11.6591 35.6818
 48 416  1.9911 -20.9436 37.6680
 64 416  2.4750 -21.7597 37.9427
 80 416  9.0331 -26.9495 36.7882
 96 416  8.9454 -27.2377 40.5417
112 416  8.6308 -27.7526 42.2721
128 416  7.1109 -30.5405 43.1919
144 416  6.0296 -31.0138 38.7854
160 416  4.5590 -28.1998 34.7831
176 416  2.9258 -27.8166 35.5364
192 416  0.5166 -24.0162 39.6388
208 416  0.0797 -21.7663 44.0390
224 416 -0.3908 -17.7944 38.8259
240 416 -0.0289 -15.5473 35.1002
256 416  0.2402 -12.1571 45.4247
272 416  0.1661 -10.3504 44.2857
288 416  0.0114 -9.2674 39.7678
304 416  0.4181 -5.9890 38.5866
320 416  0.3988 -5.1211 32.1003
336 416  0.8066 -5.2057 28.1665
352 416  1.7063 -5.0668 29.0817
368 416  2.2014 -4.5993 31.2457
384 416  2.7068 -3.8612 34.0946
400 416  2.9385 -3.0873 29.7875
416 416  3.0068 -3.1358 31.3826
432 416  3.1876 -3.1570 29.6543
448 416  2.6813 -2.7476 33.6422
464 416  1.9987 -2.2176 39.0794
480 416  1.6934 -1.8289 40.7928
496 416  1.4228 -1.4599 46.9735
512 416  1.9651 -0.9827 44.0483
528 416  2.1057 -0.4357 45.9183
544 416  1.9206  0.5066 43.5551
560 416  1.3646  1.1551 41.3260
576 416  1.1606  1.4388 41.2260
592 416  1.2123  1.8081 38.7456
608 416  0.8306  1.6231 37.3069
624 416  0.4139  1.7733 45.0904
640 416  0.9609  2.9028 41.2522
656 416  0.8385  3.6389 32.1247
672 416  0.9800  4.9428 27.0399
688 416  0.0076  6.0245 31.8444
704 416  0.4715  8.0720 39.9589
720 416  0.2506 10.2846 39.4807
736 416  0.3027 12.2891 36.1161
752 416 -0.3286 15.3739 33.3175
768 416 -0.8957 20.4662 30.7151
784 416 -0.6701 38.5447 26.3470
800 416 -1.2100 19.6920 24.3616
816 416 -1.8815  9.6724 38.4212
832 416 -1.8173  2.5399 38.1494
 16 432 -0.1817 -3.0113 33.8868
 32 432  0.9269 -15.9139 36.5931
 48 432  2.3482 -19.3706 49.5498
 64 432  4.3078 -19.6590 37.2691
 80 432  7.0782 -22.1264 26.8695
 96 432  7.7498 -24.6210 24.8405
112 432  8.5266 -26.2937 35.2674
128 432  7.2560 -28.9021 38.5253
144 432  5.6394 -30.6452 28.9175
160 432  4.4125 -28.0077 25.5925
176 432  0.4992 -27.3065 36.8676
192 432 -0.3495 -25.0290 37.7442
208 432 -0.9761 -20.9306 41.5066
224 432 -2.3159 -17.9892 36.6898
240 432 -2.2619 -14.4057 30.0298
256 432 -2.2659 -11.2552 38.0638
272 432 -1.4993 -9.9807 43.3440
288 432 -1.0910 -9.1022 41.7005
304 432 -0.4289 -7.3317 42.3860
320 432  0.0139 -6.1578 36.4463
336 432 -0.0436 -5.0649 30.2653
352 432  1.3484 -4.8531 31.1876
368 432  1.8607 -4.4368 33.5654
384 432  1.9274 -3.7233 38.5536
400 432  1.7745 -3.0092 36.2710
416 432  1.5123 -2.7761 40.3744
432 432  1.8909 -2.5658 37.4237
448 432  2.0169 -2.4199 38.6828
464 432  1.7065 -1.9379 44.5699
480 432  1.2749 -1.6879 43.4188
496 432  1.4145 -1.7563 45.5938
512 432  1.1045 -1.0741 48.5329
528 432  0.8410 -0.2822 49.6033
544 432  0.7997  0.3830 47.6554
560 432  0.7605  0.9956 44.6522
576 432  0.5584  1.5631 41.7620
592 432  0.9227  1.8945 39.9189
608 432  0.8367  1.7708 38.3108
624 432  0.5944  1.9421 43.0298
640 432  0.4062  2.8824 41.7681
656 432  0.1942  3.9650 32.7181
672 432 -0.3628  5.8799 28.2184
688 432  0.0599  7.0864 34.3108
704 432  0.2821  8.0252 38.1187
720 432  0.1179 10.7523 40.2604
736 432  0.0589 12.9290 32.3017
752 432 -0.3740 16.2942 31.5126
768 432 -0.7263 21.6292 31.3859
784 432 -1.5652 33.4332 25.6938
800 432 -1.5409 17.0243 19.6967
816 432 -1.3589  9.3253 19.2498
832 432 -0.8807  9.0092 22.4474
 16 448 -0.2950 -6.3834 32.9080
 32 448  0.6203 -15.8253 38.4294
 48 448  1.3954 -18.1511 39.9754
 64 448  6.3927 -22.6046 33.4973
 80 448  7.5837 -24.9206 39.3925
 96 448  9.7371 -26.0378 40.3021
112 448  8.7708 -27.0205 43.4324
128 448  7.6291 -28.8822 31.2432
144 448  4.9349 -25.9346 14.1351
160 448 -0.0767 -26.7135 35.6114
176 448 -0.7792 -25.0393 42.4322
192 448 -0.7350 -22.6227 45.5866
208 448 -2.4714 -19.8025 42.1982
224 448 -4.0141 -16.5689 31.8693
240 448 -4.0919 -14.6309 28.5609
256 448 -3.2390 -12.8064 33.1270
272 448 -2.1421 -10.3223 40.3946
288 448 -1.9999 -8.7548 39.6503
304 448 -1.6665 -7.4257 36.8076
320 448 -0.1141 -6.9113 35.9392
336 448 -0.0781 -5.7107 33.8846
352 448  0.6783 -3.9143 33.9877
368 448  1.1456 -3.4200 38.9993
384 448  0.8901 -2.9504 43.1414
400 448  1.1284 -2.6785 45.1888
416 448  0.9871 -2.7063 41.9587
432 448  1.3318 -2.4601 36.6717
448 448  1.6312 -2.4292 37.9953
464 448  1.2003 -2.2133 41.3439
480 448  0.7007 -1.5023 37.6226
496 448  1.0672 -1.3587 37.1751
512 448  0.6964 -0.8416 47.3488
528 448  0.5478 -0.1798 55.5999
544 448  0.5819  0.2774 47.7714
560 448  0.3133  0.9031 41.1774
576 448  0.2493  1.6318 44.1933
592 448  0.6762  1.8641 45.1959
608 448  0.6134  1.8151 47.0724
624 448  0.3572  2.4556 40.1501
640 448  0.2870  3.4933 32.8666
656 448 -0.3157  4.5791 33.8256
672 448 -0.2803  6.2838 36.7604
688 448 -0.1972  7.5156 42.0671
704 448 -0.2449  7.8990 42.3594
720 448 -0.1040 10.0814 43.0590
736 448  0.1996 13.9223 34.6578
752 448 -0.7658 17.6094 32.1609
768 448 -1.2053 23.0991 29.5129
784 448 -2.6170 30.5507 29.1248
800 448 -1.7403 16.1625 31.2118
816 448 -0.0243  8.0496 33.0414
832 448 -0.1986  6.5609 30.5640
 16 464 -0.0723 -6.9156 33.1919
 32 464  1.2572 -14.8262 33.6187
 48 464  2.0797 -19.2012 41.5453
 64 464  4.1888 -19.7477 35.6485
 80 464 10.2451 -26.0819 37.2413
 96 464 10.0569 -26.8439 40.9427
112 464  6.9656 -27.6287 38.2965
128 464  4.6164 -27.8162 42.5904
144 464  3.8873 -27.8674 36.9968
160 464 -1.3953 -27.1169 36.5975
176 464 -2.1972 -26.4034 36.8872
192 464 -1.7626 -23.2353 40.5451
208 464 -3.7483 -17.3697 35.3673
224 464 -5.9826 -17.5100 35.4752
240 464 -4.5405 -13.5699 33.8841
256 464 -4.9329 -12.8582 32.0098
272 464 -3.0367 -9.6467 33.2572
288 464 -2.6190 -8.7602 32.3482
304 464 -2.3195 -7.2046 33.4087
320 464 -0.8847 -7.2055 40.9560
336 464 -0.8479 -6.1013 38.0790
352 464 -0.6923 -4.4774 33.8645
368 464 -0.2208 -3.3470 34.7549
384 464  0.0827 -2.9520 37.8962
400 464  0.5571 -2.8205 45.0842
416 464  0.4982 -2.9731 38.9080
432 464  0.6915 -2.2941 40.1164
448 464  0.6296 -2.3388 42.3241
464 464  0.2561 -2.4910 43.7472
480 464  0.2883 -1.4374 39.9461
496 464  0.4445 -0.9284 36.1364
512 464  0.2853 -0.7020 43.7911
528 464  0.2697 -0.3288 50.4630
544 464  0.1753  0.4430 46.5075
560 464 -0.1154  1.1494 42.0764
576 464  0.1095  1.7968 44.2039
592 464  0.3595  2.2776 43.5142
608 464 -0.4773  2.3854 47.1078
624 464 -0.3479  3.4802 39.5586
640 464  0.0679  5.0263 31.6533
656 464 -0.4055  5.2573 35.4228
672 464 -0.3022  5.6223 41.0411
688 464 -0.2997  7.0717 46.5976
704 464 -0.4948  8.0709 50.2138
720 464 -0.6255 10.1925 44.5340
736 464 -0.2217 13.9740 32.7349
752 464 -1.1642 20.3816 31.8939
768 464 -2.9947 26.0070 26.2102
784 464 -1.6926 15.9399 26.3903
800 464 -1.5316 10.0884 22.9280
816 464 -0.8418  6.3756 15.6712
832 464 -0.6327  3.9865 20.1918
 16 480 -0.1252 -7.4162 28.4405
 32 480  3.8317 -17.2098 29.9080
 48 480  3.8241 -18.9283 38.0220
 64 480  4.5013 -17.9720 35.0190
 80 480 10.1054 -25.9635 39.7387
 96 480  9.5979 -26.5095 47.7715
112 480  7.5862 -27.0052 45.5027
128 480  4.5153 -25.7365 39.1435
144 480  2.9522 -26.7349 43.0495
160 480 -1.0875 -29.4527 47.3878
176 480 -2.5837 -27.2156 34.8159
192 480 -3.1035 -24.0514 31.9243
208 480 -7.1960 -19.3557 39.4955
224 480 -7.0490 -17.8537 45.7099
240 480 -6.7971 -15.0792 42.9668
256 480 -5.0345 -13.1656 42.8075
272 480 -3.3281 -10.4119 39.3325
288 480 -3.0261 -9.7574 36.6490
304 480 -3.1409 -6.5688 36.3407
320 480 -2.7847 -6.2059 36.2486
336 480 -1.8294 -5.7513 35.9042
352 480 -1.2394 -4.7478 34.3502
368 480 -1.1224 -4.1611 36.4593
384 480 -0.4392 -3.8672 32.2012
400 480 -0.3345 -3.2711 31.5861
416 480 -0.0678 -2.9403 34.2976
432 480  0.0972 -2.2028 44.9248
448 480  0.0119 -2.1008 44.5474
464 480 -0.3516 -2.0812 46.1981
480 480 -0.4745 -1.5935 45.0259
496 480 -0.6040 -0.9139 42.1358
512 480 -0.4022 -0.5849 49.3207
528 480 -0.3396  0.0642 50.7775
544 480 -0.5900  0.7406 46.7897
560 480 -0.4883  1.3335 45.5673
576 480 -0.3220  1.6105 45.2570
592 480 -0.1947  2.1585 44.0553
608 480 -0.7733  2.8232 41.0358
624 480 -1.0274  5.0812 34.8161
640 480 -0.7253  5.2391 34.2144
656 480 -0.6107  5.4033 37.1572
672 480 -0.5692  5.7989 37.1529
688 480 -0.2889  6.3425 35.8522
704 480 -0.6513  8.4538 39.2587
720 480 -1.0658 10.7908 37.6760
736 480 -0.7396 14.0652 34.2548
752 480 -1.1198 20.7308 36.5276
768 480 -2.8626 26.7686 27.3430
784 480 -1.6214 16.1981 20.3079
800 480 -1.7547 10.9765 25.4219
816 480 -1.7586  6.5348 20.0713
832 480 -0.0045 -2.6188 24.4386
 16 496  0.5911 -8.9371 36.7140
 32 496  2.9431 -17.7877 39.9333
 48 496  5.0160 -22.5393 36.3726
 64 496  5.5513 -23.8248 21.1060
 80 496  8.7375 -24.5352 30.2066
 96 496  9.3193 -26.6756 45.8284
112 496  8.1183 -27.7952 48.7938
128 496  5.6410 -27.7139 34.7698
144 496  0.9278 -25.8602 30.7343
160 496 -0.5924 -24.9520 25.2320
176 496 -3.3638 -24.0120 25.6209
192 496 -5.2498 -23.6985 23.9093
208 496 -7.3860 -18.7883 40.3827
224 496 -7.5607 -17.4551 47.7307
240 496 -8.3754 -15.7795 39.9805
256 496 -5.5579 -13.8330 35.6333
272 496 -4.8214 -8.9457 35.2834
288 496 -4.1460 -7.9848 36.3990
304 496 -3.3216 -7.1627 40.2278
320 496 -3.3508 -6.8015 36.8823
336 496 -2.4249 -5.7676 34.7943
352 496 -1.5646 -4.6436 37.9615
368 496 -1.5417 -4.3082 35.7173
384 496 -1.1345 -4.1127 32.3915
400 496 -0.7710 -3.4270 30.5254
416 496 -0.5210 -2.5488 32.4629
432 496 -0.5861 -1.9185 43.7509
448 496 -0.6729 -1.9216 44.6307
464 496 -0.7744 -1.5428 45.3545
480 496 -0.8451 -1.4730 41.8160
496 496 -1.1719 -1.4421 43.0137
512 496 -0.9015 -0.8367 49.7576
528 496 -0.7217  0.1372 54.0451
544 496 -1.1242  0.4808 50.9049
560 496 -1.0515  1.0728 45.9680
576 496 -1.1176  1.1470 46.0354
592 496 -0.7954  1.9311 44.3303
608 496 -0.2479  2.4891 42.8870
624 496 -0.4982  3.3646 39.3686
640 496 -0.7409  3.8261 35.3371
656 496 -0.8879  4.4557 37.5970
672 496 -1.1964  5.9420 38.6214
688 496 -0.8282  6.6463 40.6226
704 496 -1.1127  8.2514 43.1967
720 496 -1.2452 10.9302 38.8624
736 496 -1.0034 13.8353 35.5267
752 496 -1.7735 19.9312 40.1490
768 496 -1.9609 22.9029 30.9808
784 496 -1.2950 13.6546 22.2950
800 496 -1.4388  9.1237 31.2699
816 496 -0.8601  5.9065 27.5253
832 496  0.6798 -3.2663 20.0232
 16 512  0.6276 -10.1744 33.0160
 32 512  1.9182 -18.3878 41.1523
 48 512  5.2237 -24.0271 36.5823
 64 512  8.4380 -25.1149 32.8254
 80 512 10.6772 -25.0639 40.7570
 96 512 10.6518 -25.0702 34.7288
112 512  7.3638 -27.0341 33.0412
128 512  5.2348 -27.6623 30.9965
144 512 -0.2051 -26.7629 32.5395
160 512 -1.2449 -24.9955 29.3377
176 512 -3.5088 -21.8554 30.9985
192 512 -6.0084 -22.7071 31.8718
208 512 -7.5741 -19.3194 44.2055
224 512 -7.5573 -18.2888 44.4754
240 512 -9.6544 -15.8077 29.7444
256 512 -5.7059 -13.8416 33.9266
272 512 -6.3650 -12.2993 39.2613
288 512 -4.5559 -8.2084 35.5542
304 512 -3.8360 -7.3492 38.0155
320 512 -4.1303 -6.3742 36.0419
336 512 -4.1182 -6.1581 36.4015
352 512 -2.6886 -5.0557 31.0025
368 512 -2.1845 -4.4034 29.6451
384 512 -2.2539 -3.8495 31.5780
400 512 -1.9769 -2.9654 35.0937
416 512 -1.9593 -2.5969 36.1908
432 512 -2.0323 -2.1798 42.4317
448 512 -1.6612 -1.9297 43.1984
464 512 -1.0378 -1.4701 43.4513
480 512 -1.1937 -1.3508 44.3792
496 512 -1.3131 -1.4832 46.2293
512 512 -1.3301 -0.9030 48.1798
528 512 -1.3297  0.1475 49.4857
544 512 -1.6146  0.3891 46.5497
560 512 -1.6436  0.7293 47.2797
576 512 -1.6318  1.1139 49.2652
592 512 -1.4818  1.7662 43.5921
608 512 -0.6065  1.6196 39.3676
624 512 -0.9888  1.1332 42.9582
640 512 -1.3609  3.6553 36.9047
656 512 -1.2415  4.7507 33.8169
672 512 -0.8696  5.7773 35.4210
688 512 -1.2617  6.6730 40.0828
704 512 -1.2945  8.8622 46.2399
720 512 -1.4170 11.5835 40.4278
736 512 -1.2315 14.9004 31.8251
752 512 -1.7417 19.5934 39.4921
768 512 -2.4122 23.4316 26.6998
784 512 -1.7033 15.6892 21.0336
800 512 -1.5774 11.7802 20.4788
816 512  0.4922  3.1810 23.3379
832 512  1.0279 -5.0738 19.2178
 16 528  0.5324 -12.7351 27.8447
 32 528  3.3867 -18.8446 34.3616
 48 528  6.2747 -23.7339 33.1511
 64 528  8.1104 -24.7120 32.3366
 80 528  7.6311 -24.4621 36.2217
 96 528  5.9513 -23.8359 28.5220
112 528  4.7919 -21.0986 22.0799
128 528  2.8341 -22.9958 32.8497
144 528 -0.2967 -24.6184 34.5349
160 528 -3.0073 -25.1023 32.2470
176 528 -4.9293 -20.9365 31.2464
192 528 -7.2916 -20.6795 40.6354
208 528 -8.2392 -18.6770 43.8398
224 528 -7.9291 -16.5897 35.0594
240 528 -6.8813 -13.1506 35.8272
256 528 -6.6384 -12.4096 37.2417
272 528 -7.1425 -11.8976 38.4689
288 528 -5.5630 -9.7915 35.4270
304 528 -5.6256 -8.7020 37.3928
320 528 -5.0010 -6.9054 27.7193
336 528 -5.5701 -7.0040 31.1752
352 528 -3.2605 -4.4891 29.6849
368 528 -2.7227 -3.5574 33.2430
384 528 -2.4646 -2.7451 34.6150
400 528 -2.0278 -2.7405 36.6929
416 528 -2.3638 -2.8181 37.0204
432 528 -2.4874 -2.9396 37.9053
448 528 -2.2736 -2.4654 35.0288
464 528 -1.7537 -2.0824 40.6656
480 528 -1.9582 -1.5236 44.4328
496 528 -1.8910 -0.9183 43.9136
512 528 -1.6592 -0.5920 46.6625
528 528 -1.8581 -0.1242 46.2456
544 528 -2.0641  0.4029 41.9231
560 528 -2.2399  1.0550 45.5551
576 528 -2.1614  1.2918 45.1229
592 528 -2.0675  1.6532 44.7387
608 528 -1.2973  1.3024 47.0185
624 528 -1.1492  2.0598 37.4795
640 528 -1.4822  4.1241 30.4547
656 528 -1.5086  4.9713 33.8242
672 528 -1.1546  6.1856 36.4572
688 528 -1.8025  7.4261 44.9069
704 528 -1.8820  8.5402 47.9178
720 528 -2.0357 10.5447 36.3081
736 528 -1.2300 14.2694 30.4291
752 528 -1.8113 20.3705 34.0514
768 528 -6.5778 39.8725 23.6966
784 528 -4.4311 30.5315 27.2317
800 528 -2.2421 13.0448 21.1234
816 528 -0.1907  5.2788 35.9740
832 528  0.6806 -1.3250 28.7208
 16 544  0.5245 -5.3311 28.4309
 32 544  5.4980 -21.0616 45.6425
 48 544  6.2640 -21.7916 41.9381
 64 544  6.9873 -23.5584 27.1091
 80 544  8.4837 -22.4716 35.8220
 96 544  7.7526 -22.1895 32.1375
112 544  3.7118 -20.3587 34.8924
128 544  2.0951 -22.5803 43.4989
144 544 -0.8669 -24.3502 38.9721
160 544 -3.5586 -25.1487 35.9439
176 544 -5.7489 -23.6337 37.0165
192 544 -8.1497 -19.0749 38.6510
208 544 -9.7032 -18.3331 42.4799
224 544 -9.6639 -15.7442 33.7512
240 544 -7.9573 -12.8424 42.0205
256 544 -7.7949 -11.9806 42.5974
272 544 -7.9751 -11.2090 42.3922
288 544 -8.0146 -9.0339 45.0002
304 544 -7.4789 -7.9688 39.3214
320 544 -5.0251 -7.5813 27.2090
336 544 -4.9982 -5.5796 27.8481
352 544 -3.5675 -4.4149 29.5164
368 544 -3.4224 -3.7758 34.3291
384 544 -2.6554 -3.6740 34.1939
400 544 -2.9108 -2.9722 36.5928
416 544 -3.3007 -3.0593 38.1752
432 544 -3.0149 -3.7996 33.7856
448 544 -2.6677 -1.8540 36.6433
464 544 -2.2492 -2.1098 41.4506
480 544 -2.0707 -2.0204 37.6488
496 544 -2.1280 -1.4557 35.4634
512 544 -1.8845 -0.4919 38.7312
528 544 -2.0171  0.2604 44.8336
544 544 -2.1501  0.6541 42.9484
560 544 -2.0411  0.8323 42.7101
576 544 -2.0899  1.1344 40.2559
592 544 -2.1589  1.8543 40.0015
608 544 -2.0173  2.1039 40.8138
624 544 -1.5811  3.4448 32.0211
640 544 -1.4371  3.7858 29.9637
656 544 -1.9374  4.2792 33.1258
672 544 -2.3540  6.0094 34.2192
688 544 -2.1105  7.6753 40.9979
704 544 -2.1392  9.0651 43.9101
720 544 -2.2390 10.8134 38.0396
736 544 -1.4605 13.0358 32.3056
752 544 -2.5647 22.0987 24.8996
768 544 -1.6033 13.6452 23.9021
784 544  0.1766  9.5111 29.7201
800 544 -0.2217 11.7394 14.1347
816 544 -3.2377 20.7152 14.2248
832 544 -1.8332 20.2395 18.7623
 16 560  0.7965 -9.9512 30.4508
 32 560  4.9775 -19.4219 38.5803
 48 560  6.4751 -22.7420 43.0867
 64 560  7.4752 -23.3570 42.6924
 80 560  8.8528 -21.9086 47.4417
 96 560  8.1493 -21.8677 43.9769
112 560  4.0316 -20.7025 42.0939
128 560  2.0866 -22.1518 53.4942
144 560 -1.0639 -24.0132 48.3645
160 560 -2.4848 -24.3521 36.9157
176 560 -7.2021 -23.3608 29.9727
192 560 -9.1190 -19.6638 33.4096
208 560 -9.9683 -17.2848 35.3430
224 560 -8.8848 -14.8920 34.9619
240 560 -9.0865 -13.0157 31.1573
256 560 -8.4601 -11.3280 39.8528
272 560 -8.6163 -9.6173 45.9481
288 560 -8.5397 -8.6458 43.8681
304 560 -8.3502 -8.6654 49.5367
320 560 -5.7925 -7.8098 34.5921
336 560 -3.5114 -4.6030 29.3477
352 560 -4.2591 -3.8345 32.4659
368 560 -4.0556 -3.8287 34.5709
384 560 -3.3785 -3.2685 34.7952
400 560 -3.6394 -3.0302 36.0782
416 560 -2.8307 -3.3599 38.7608
432 560 -3.0128 -3.0599 36.7574
448 560 -3.3366 -1.7125 35.8864
464 560 -2.5122 -1.7093 41.2617
480 560 -2.1289 -1.8287 44.2256
496 560 -2.3249 -1.3410 43.4615
512 560 -2.4383 -0.7026 45.8898
528 560 -2.0544  0.2184 46.5768
544 560 -1.9639  0.6060 40.7321
560 560 -2.1127  0.6383 40.4551
576 560 -2.1393  1.3452 37.2529
592 560 -2.0874  2.1547 35.6955
608 560 -2.2134  2.1243 37.1927
624 560 -2.6488  3.1924 35.0922
640 560 -1.9042  4.1502 31.7278
656 560 -2.4388  4.8073 26.2381
672 560 -2.6043  5.8463 31.4730
688 560 -2.5542  7.9822 42.4436
704 560 -2.4277  9.7912 38.6042
720 560 -1.9816 11.7600 38.5535
736 560 -1.6189 14.4577 36.5993
752 560 -2.8387 22.1095 28.5459
768 560 -8.5861 35.0934 24.9351
784 560 -3.9197 22.6959 27.6530
800 560 -1.4849  8.5324 27.1107
816 560  0.0575 -0.2135 30.2440
832 560  3.6470 -7.4176 20.3398
 16 576  4.4526 -10.9523 34.8351
 32 576  2.7486 -16.7335 34.7481
 48 576  7.5741 -22.3492 56.6421
 64 576  8.3164 -22.3740 45.6263
 80 576  9.3415 -21.0491 38.0651
 96 576  8.0549 -21.0255 46.6008
112 576  3.5344 -21.5707 36.7542
128 576  2.2288 -22.5423 39.4920
144 576 -0.3739 -23.0814 33.1612
160 576 -8.3521 -25.3450 21.6096
176 576 -8.0869 -21.4742 38.9266
192 576 -9.4226 -18.9201 36.4835
208 576 -9.1325 -13.8237 37.1145
224 576 -9.4625 -12.6092 47.4852
240 576 -9.7424 -12.3692 45.3895
256 576 -9.4255 -11.1561 50.9963
272 576 -9.0580 -10.3501 48.6293
288 576 -8.8490 -9.6162 42.5302
304 576 -8.5993 -9.0117 48.5044
320 576 -6.6947 -7.8287 38.9959
336 576 -6.1436 -5.9904 34.4232
352 576 -4.3193 -3.4614 32.7720
368 576 -3.9124 -2.8736 35.0926
384 576 -3.5292 -1.9195 39.1420
400 576 -3.5495 -2.7476 38.3674
416 576 -2.8283 -3.5082 36.1076
432 576 -3.3649 -2.4618 32.8025
448 576 -3.3018 -1.9958 32.7968
464 576 -3.0313 -1.6704 34.1828
480 576 -2.8181 -1.1589 40.1409
496 576 -2.6810 -0.9058 46.6665
512 576 -2.7981 -0.4782 44.9139
528 576 -2.4189  0.3078 47.2050
544 576 -2.1164  0.6069 41.0382
560 576 -2.7754  0.7013 35.9416
576 576 -2.6884  1.3856 35.0014
592 576 -2.5459  1.7030 34.5333
608 576 -2.5084  1.6968 38.1398
624 576 -2.8678  1.7980 36.1800
640 576 -2.1818  3.8164 29.9834
656 576 -2.4837  4.9671 23.5629
672 576 -2.4368  5.9544 31.0115
688 576 -3.1549  7.7163 47.3219
704 576 -3.2418  9.2777 40.4022
720 576 -2.5154 10.8984 32.2033
736 576 -2.0046 13.9999 26.5779
752 576 -3.9192 18.9752 25.4927
768 576 -9.3753 39.2295 38.5454
784 576 -4.2454 28.9355 24.3527
800 576 -1.1909 24.9024 24.9496
816 576 -7.6076 25.0161 24.9830
832 576 -2.9573 19.6837 18.6869
 16 592  1.9418 -13.5908 45.5256
 32 592  1.5868 -15.7781 41.2687
 48 592  6.9411 -21.3152 42.1634
 64 592  8.6317 -20.3619 37.1420
 80 592  6.5568 -19.7048 27.4800
 96 592  3.6169 -19.1956 36.5336
112 592  2.0367 -21.2258 32.6689
128 592  0.4683 -19.9912 35.9692
144 592 -3.9616 -20.2245 34.4409
160 592 -7.9675 -25.6309 37.8028
176 592 -7.7049 -21.9955 42.4320
192 592 -10.1392 -17.4857 51.7711
208 592 -9.0405 -13.4697 52.7895
224 592 -9.5210 -12.2020 50.9161
240 592 -9.8249 -11.9768 48.5111
256 592 -9.7115 -11.0844 50.0537
272 592 -9.2420 -10.2314 51.7934
288 592 -9.3439 -9.6292 44.1128
304 592 -8.8811 -8.4281 34.1188
320 592 -7.5925 -7.2355 35.9785
336 592 -7.4597 -6.4798 33.6233
352 592 -7.2719 -6.0977 34.2323
368 592 -4.8050 -3.9720 34.1835
384 592 -5.0263 -4.1052 36.8151
400 592 -4.3827 -2.4057 32.1851
416 592 -4.8644 -2.8246 29.9189
432 592 -3.8900 -2.2541 29.4936
448 592 -2.5279 -1.8922 38.8485
464 592 -2.8084 -1.5580 36.5595
480 592 -3.2060 -0.9070 34.4485
496 592 -2.8812 -0.7104 36.5587
512 592 -3.0199 -0.0423 37.4435
528 592 -2.7325  0.2736 45.0261
544 592 -2.3691  0.3521 46.7522
560 592 -2.8981  0.7134 41.7301
576 592 -3.0509  1.5670 39.4310
592 592 -3.0888  1.9433 33.7179
608 592 -2.9123  2.2792 31.7123
624 592 -2.7267  3.0427 32.0779
640 592 -2.6163  4.0504 28.9000
656 592 -2.5986  4.8732 24.8390
672 592 -2.5468  6.0167 34.9674
688 592 -3.3849  7.5346 41.6461
704 592 -3.6298  9.1830 37.6429
720 592 -3.0441 12.9542 25.5024
736 592 -5.6539 22.4883 25.6656
752 592 -8.7590 31.5188 29.9695
768 592 -11.1610 38.4754 32.3575
784 592 -5.4413 25.7257 33.5159
800 592 -3.7955 12.1401 44.1980
816 592 -4.8278 17.0011 26.9152
832 592 -0.9947 14.4197 21.4820
 16 608  2.2954  6.8448 42.8877
 32 608  0.0927 -15.9150 38.4935
 48 608  5.7447 -20.8912 32.3753
 64 608  9.5075 -20.1162 37.8352
 80 608  4.5286 -19.5694 37.1699
 96 608  3.2614 -19.9660 41.8519
112 608  2.6978 -19.3624 37.6221
128 608 -1.1173 -21.9048 51.5201
144 608 -2.3491 -21.4958 37.1906
160 608 -6.1792 -23.3844 28.9113
176 608 -7.8172 -22.4697 33.3156
192 608 -10.5865 -16.5564 41.2463
208 608 -9.3962 -14.8740 49.6413
224 608 -9.7457 -12.0719 50.1116
240 608 -10.0082 -11.3819 52.4064
256 608 -10.2516 -10.7020 50.4617
272 608 -10.4106 -10.1598 54.9580
288 608 -10.3386 -9.3230 47.4260
304 608 -10.1140 -8.0090 32.8340
320 608 -9.3733 -7.4310 39.9105
336 608 -8.9591 -7.3000 37.7637
352 608 -8.3214 -6.4406 36.7238
368 608 -5.0503 -4.7338 34.4146
384 608 -5.3375 -4.0606 39.8332
400 608 -3.9630 -2.1938 35.7292
416 608 -4.9453 -2.5810 32.7776
432 608 -4.2583 -2.4039 30.4169
448 608 -2.9078 -1.5033 44.6254
464 608 -3.5733 -1.2163 39.3023
480 608 -3.7994 -0.7256 36.3144
496 608 -3.5919 -0.4178 37.0180
512 608 -4.0278 -0.1747 31.6950
528 608 -3.4698 -0.1054 37.1867
544 608 -2.7449  0.4732 44.8389
560 608 -3.2404  0.4190 43.2753
576 608 -3.6075  0.8789 43.7455
592 608 -3.2258  2.0599 37.8936
608 608 -3.0037  2.4404 30.7523
624 608 -3.0830  4.2814 26.1593
640 608 -3.1158  5.1684 28.2178
656 608 -2.8248  4.8225 26.7782
672 608 -3.3981  5.8969 32.5774
688 608 -3.8467  7.8683 38.8804
704 608 -4.2903  9.3566 34.2773
720 608 -7.5642 17.2588 29.8506
736 608 -7.9268 22.3464 29.5208
752 608 -12.3738 35.8698 31.8598
768 608 -11.5274 39.7511 40.9021
784 608 -7.4388 29.8592 42.9949
800 608 -5.6027 19.8095 29.9635
816 608 -4.4849 19.1695 22.1807
832 608 -1.3373 13.4924 27.6372
 16 624  0.1915 -13.0151 41.6386
 32 624  0.3967 -15.6999 43.7659
 48 624  0.1797 -18.4376 35.1757
 64 624  3.3097 -19.9292 38.8924
 80 624  5.9222 -18.6913 34.9443
 96 624  5.7031 -17.6965 34.1936
112 624  2.6152 -18.9204 40.8893
128 624 -1.0658 -22.0925 51.8656
144 624 -2.7974 -21.6540 39.4429
160 624 -8.2372 -23.2837 35.1449
176 624 -9.8042 -20.5436 35.2962
192 624 -10.9043 -17.0834 40.0941
208 624 -9.7505 -14.0983 44.8721
224 624 -10.4415 -11.2902 36.4919
240 624 -10.8505 -10.4259 44.2184
256 624 -10.9871 -9.9625 48.9577
272 624 -11.0244 -9.6829 55.0368
288 624 -10.5399 -8.8744 42.5118
304 624 -10.4240 -7.5283 31.2248
320 624 -9.5480 -7.3292 36.5474
336 624 -9.3371 -6.8855 36.8330
352 624 -8.4409 -5.4217 34.5752
368 624 -5.7065 -4.0069 33.8940
384 624 -5.3104 -3.3822 33.5462
400 624 -4.6693 -2.0441 35.8047
416 624 -4.4882 -1.6994 40.5026
432 624 -4.3541 -1.5561 40.3226
448 624 -4.7563 -1.8561 36.6944
464 624 -4.6752 -1.2624 32.9241
480 624 -4.1476 -0.8261 36.7639
496 624 -3.9883 -0.2161 39.2334
512 624 -4.0214 -0.0151 37.4259
528 624 -3.7770 -0.0931 40.4858
544 624 -3.3823  0.4448 39.1372
560 624 -4.0346  0.7749 34.6405
576 624 -4.0260  1.3833 35.4432
592 624 -3.7584  2.2858 35.3427
608 624 -3.5978  2.2050 31.1106
624 624 -4.4238  3.5465 25.7045
640 624 -3.0104  4.3501 22.5481
656 624 -5.3756  6.0468 21.9331
672 624 -5.2527  7.5703 30.6606
688 624 -5.7142 10.1064 45.9288
704 624 -5.8601 13.5075 37.9302
720 624 -9.0100 17.7849 39.6731
736 624 -8.6650 23.3866 31.5035
752 624 -8.0363 23.7285 36.3493
768 624 -10.1640 31.6851 31.3789
784 624 -11.2901 36.7839 15.8442
800 624 -8.7144 25.4720 33.9032
816 624 -5.9428 19.7635 24.0570
832 624 -1.4638 11.7117 28.0910
 16 640  1.7615 -11.0992 31.1318
 32 640  3.4069 -15.3056 34.2726
 48 640  0.0364 -18.2092 37.5931
 64 640  3.1607 -18.0370 37.6432
 80 640  7.1182 -16.5543 33.6888
 96 640  5.7481 -14.1528 28.5928
112 640  0.1606 -19.9508 33.0425
128 640 -1.8572 -19.4036 31.8653
144 640 -5.1765 -23.8704 34.3919
160 640 -8.9604 -22.6591 36.7523
176 640 -11.0843 -18.5309 36.7394
192 640 -12.4856 -16.1530 38.4212
208 640 -9.9866 -13.0291 43.2986
224 640 -10.8874 -10.9866 54.7573
240 640 -11.2617 -10.1917 46.0284
256 640 -11.3884 -9.1306 44.1896
272 640 -11.4264 -8.3678 44.9353
288 640 -11.2038 -8.0272 40.3332
304 640 -10.8002 -7.2443 33.9054
320 640 -10.5394 -6.7151 31.6636
336 640 -9.7327 -6.9412 38.8987
352 640 -8.6030 -5.3603 34.9657
368 640 -6.7973 -4.1387 33.2437
384 640 -6.4399 -3.1972 33.3309
400 640 -5.1214 -2.5381 33.3819
416 640 -4.9437 -1.2512 36.1653
432 640 -4.8887 -2.0014 42.6513
448 640 -4.8410 -1.9795 39.6364
464 640 -4.7970 -0.6121 39.6099
480 640 -4.4884 -0.3437 41.0993
496 640 -4.3178 -0.2380 43.8047
512 640 -4.4107 -0.1081 38.1473
528 640 -4.4637 -0.0228 38.3642
544 640 -4.2963  0.2884 39.7425
560 640 -4.7568  1.5322 30.9279
576 640 -4.1156  2.5596 31.2175
592 640 -4.2689  2.8919 30.0136
608 640 -3.8049  2.5993 34.1234
624 640 -4.3208  3.3711 28.5671
640 640 -5.9323  6.0602 25.4553
656 640 -6.1455  6.8991 28.6703
672 640 -5.9341  8.4202 31.8665
688 640 -7.0289 10.6012 46.8483
704 640 -9.7912 15.8043 36.8328
720 640 -10.9952 20.7452 41.7757
736 640 -14.5225 26.2870 41.7850
752 640 -10.3937 21.6660 44.1246
768 640 -8.3870 20.5180 37.1932
784 640 -6.5869 20.0559 32.1442
800 640 -5.9543 18.3858 20.4927
816 640 -6.2353 21.6219 23.1784
832 640 -2.6672 10.6989 28.7463
 16 656  1.7599 -9.5850 28.0008
 32 656  3.4585 -14.3932 28.9291
 48 656  6.7764 -16.1292 28.3328
 64 656  6.5338 -17.8648 35.5984
 80 656  6.7144 -15.2300 32.5819
 96 656  1.9031 -17.0863 40.9847
112 656 -0.0595 -18.0836 57.4419
128 656 -3.6383 -20.4302 45.3955
144 656 -8.0127 -23.5403 46.4255
160 656 -10.4661 -21.2900 42.3994
176 656 -13.0309 -17.0652 38.1841
192 656 -10.3771 -14.5518 37.5039
208 656 -10.1611 -12.5877 42.1148
224 656 -11.0539 -9.5146 52.9224
240 656 -11.1887 -9.0114 42.7200
256 656 -11.4486 -9.2261 41.1866
272 656 -11.5521 -7.6222 35.7464
288 656 -11.7816 -7.5594 43.3415
304 656 -11.3494 -6.9904 38.0014
320 656 -11.5877 -5.4692 30.5604
336 656 -10.1130 -5.9619 37.8403
352 656 -8.9032 -5.5276 35.6528
368 656 -7.5671 -4.7812 32.2517
384 656 -7.4976 -3.1562 37.6757
400 656 -4.8064 -1.4525 29.8624
416 656 -5.4052 -3.3758 33.9479
432 656 -5.2279 -2.7766 33.2086
448 656 -5.3482 -2.2216 37.4839
464 656 -5.5083 -1.0909 40.8035
480 656 -5.5906 -1.2688 45.0096
496 656 -5.1496 -0.7842 44.1585
512 656 -5.2863 -0.5613 37.1429
528 656 -5.3093 -0.4764 38.6204
544 656 -4.8562  0.2783 39.9055
560 656 -4.7729  1.4525 29.7074
576 656 -4.6437  1.7465 29.3181
592 656 -5.0602  1.6870 31.6560
608 656 -4.5522  2.6355 35.1604
624 656 -3.5962  3.5738 30.2144
640 656 -6.9803  6.6529 35.2065
656 656 -7.5266  8.1791 42.3480
672 656 -7.3507  9.8788 38.4742
688 656 -8.3728 13.1822 40.6351
704 656 -11.5454 17.8771 33.8723
720 656 -11.8893 22.4858 30.0430
736 656 -15.9650 34.2368 37.8580
752 656 -14.5687 30.6657 33.9733
768 656 -10.3363 21.0574 28.1073
784 656 -9.3099 18.9036 29.8547
800 656 -6.7549 13.1252 29.2972
816 656 -3.2911 10.0821 33.1940
832 656 -0.9423  4.0970 34.8765
 16 672 -0.4986 -5.1097 24.8035
 32 672 -0.1234 -15.0070 31.8073
 48 672  1.8706 -17.2355 34.3788
 64 672  4.0971 -16.1687 31.5821
 80 672  8.0055 -13.6047 37.8936
 96 672  0.9979 -16.4355 45.7621
112 672 -0.9235 -15.7079 60.2941
128 672 -5.8242 -20.6691 48.5382
144 672 -8.3399 -22.2233 53.6821
160 672 -10.7399 -21.3313 53.5607
176 672 -14.0219 -17.2105 42.0907
192 672 -15.1926 -20.8808 39.9100
208 672 -9.3710 -13.0639 36.6718
224 672 -12.2021 -10.3601 42.8294
240 672 -11.9846 -9.8945 41.8282
256 672 -11.8504 -9.2062 41.8951
272 672 -11.7558 -7.6201 33.1990
288 672 -12.2842 -7.0606 39.4342
304 672 -11.9028 -6.7329 36.6845
320 672 -12.0075 -6.2753 40.0460
336 672 -9.6878 -5.0834 30.8436
352 672 -7.8993 -4.3547 35.7177
368 672 -7.8817 -4.0377 33.9455
384 672 -8.5344 -3.7318 38.6682
400 672 -5.0590 -3.9488 24.4550
416 672 -6.1478 -2.6089 35.9355
432 672 -5.5486 -3.0386 32.6135
448 672 -6.3682 -1.8834 38.0954
464 672 -7.0200 -1.2179 43.5717
480 672 -6.7180 -1.5059 44.6495
496 672 -5.6774 -0.8982 44.5888
512 672 -5.9899 -0.6502 45.1796
528 672 -6.3106 -0.5880 44.8524
544 672 -4.8294  1.1793 38.2447
560 672 -4.1219  2.0034 38.0481
576 672 -5.1544  0.9704 34.7665
592 672 -6.2896  1.7822 31.5599
608 672 -6.0245  1.8064 32.8173
624 672 -4.1212  3.3233 30.8024
640 672 -7.4702  7.3589 34.9780
656 672 -8.6798  9.2939 47.1841
672 672 -9.0405 10.7816 50.5311
688 672 -9.2503 13.8608 38.0062
704 672 -12.7187 17.6718 35.0020
720 672 -17.1426 29.6850 35.9090
736 672 -17.4771 33.3204 36.4403
752 672 -20.4867 40.0750 23.6865
768 672 -14.9722 31.4348 25.8030
784 672 -12.9408 29.1080 31.5889
800 672 -11.9177 27.5635 39.9492
816 672 -3.3740  6.2294 31.3471
832 672 -0.6871  2.7222 39.9107
 16 688 -1.2648 -5.1954 32.1554
 32 688  1.8073 -12.4515 35.1585
 48 688  2.2955 -14.1465 34.0478
 64 688  3.3640 -14.2398 29.5445
 80 688  5.9477 -11.4889 26.6786
 96 688  1.1965 -14.3536 43.9189
112 688 -0.6744 -14.8963 50.5750
128 688 -6.9022 -20.5883 28.6209
144 688 -13.1357 -19.0358 29.9267
160 688 -14.3174 -16.9237 29.5819
176 688 -16.9252 -21.3644 37.7658
192 688 -17.1259 -19.8889 45.2029
208 688 -11.6122 -12.2469 44.8347
224 688 -12.6022 -9.7538 46.5437
240 688 -13.8354 -8.9586 37.7964
256 688 -13.9842 -8.0735 37.5996
272 688 -14.0224 -7.5854 34.3700
288 688 -13.9007 -6.9833 32.9209
304 688 -13.6536 -6.6747 28.7570
320 688 -13.5908 -5.0957 30.3152
336 688 -8.5298 -4.6714 30.5323
352 688 -8.8672 -3.7444 38.3201
368 688 -8.5051 -4.1259 35.4554
384 688 -8.9091 -3.9444 39.1479
400 688 -8.0286 -3.3519 36.8516
416 688 -8.3802 -2.2548 39.9815
432 688 -7.7591 -1.9417 42.9079
448 688 -7.9184 -1.5530 45.5429
464 688 -7.6823 -1.4681 45.2313
480 688 -7.3426 -1.5918 45.2168
496 688 -6.1755 -0.7671 43.7423
512 688 -7.5851 -0.4561 55.3204
528 688 -7.6019 -0.4765 53.5380
544 688 -6.0008  0.2449 46.8160
560 688 -5.8670  1.5565 42.9219
576 688 -6.5302  2.5060 39.5799
592 688 -6.9597  2.7678 33.7194
608 688 -7.6637  3.5539 31.3291
624 688 -9.1476  6.5331 35.7699
640 688 -9.2524  8.9358 46.6367
656 688 -9.2615  9.7733 50.6779
672 688 -10.0674 11.4680 51.2277
688 688 -10.4089 13.9951 37.1262
704 688 -16.0059 24.6239 23.6134
720 688 -21.5901 29.8084 35.5985
736 688 -17.7391 34.2725 30.8354
752 688 -22.3737 38.1722 29.0915
768 688 -20.5338 36.9891 15.7498
784 688 -9.7436 23.4319 34.6989
800 688 -9.3776 18.3079 36.4843
816 688 -5.5008 12.5263 25.8993
832 688 -0.3791  1.3636 34.2019
 16 704  2.5452 -4.8206 36.8173
 32 704  2.5534 -8.4843 35.3723
 48 704  3.4203 -10.2810 36.1469
 64 704  1.7402 -11.6684 40.2604
 80 704  1.8724 -12.5656 29.1380
 96 704  1.2509 -12.0486 34.8027
112 704 -0.5424 -11.7271 40.0204
128 704 -15.0841 -22.0048 36.1529
144 704 -16.7438 -22.8259 43.7108
160 704 -16.4572 -23.3026 42.5306
176 704 -18.5002 -20.3684 48.4720
192 704 -19.3350 -18.9088 44.1071
208 704 -19.1666 -17.0556 39.0457
224 704 -13.5482 -9.7805 35.0796
240 704 -16.0065 -11.6583 37.5907
256 704 -15.2927 -10.4920 33.6919
272 704 -15.3774 -9.1914 35.6902
288 704 -15.6870 -8.8407 33.5136
304 704 -15.2966 -8.2554 30.2208
320 704 -10.4509 -4.5976 28.5196
336 704 -10.1297 -3.9743 34.0064
352 704 -10.0559 -3.6887 40.1942
368 704 -9.5764 -2.6346 35.3589
384 704 -9.2910 -2.3788 42.1624
400 704 -8.8859 -2.3048 39.4097
416 704 -8.8842 -2.0942 46.3584
432 704 -8.5362 -1.8190 47.3970
448 704 -8.6398 -1.5515 48.3627
464 704 -8.0068 -1.4397 50.2666
480 704 -7.9976 -1.5513 46.8863
496 704 -7.0735 -0.4850 44.0654
512 704 -7.9318 -0.1546 57.0304
528 704 -8.2103  0.0973 58.3919
544 704 -7.8737  1.0212 47.5524
560 704 -7.1198  1.9613 38.6696
576 704 -7.7782  2.7791 35.3787
592 704 -8.3799  5.2021 27.3864
608 704 -9.0523  6.0197 31.3429
624 704 -10.8801  7.2577 41.6354
640 704 -11.2799  8.2184 46.3997
656 704 -11.1697  9.1406 44.1871
672 704 -11.4357 12.3550 36.1559
688 704 -17.1204 21.9400 34.5248
704 704 -23.7333 25.2978 25.2452
720 704 -22.5997 28.7749 28.0114
736 704 -19.7124 30.6159 28.5868
752 704 -23.5825 36.3598 14.7945
768 704 -21.5136 35.6780 24.9728
784 704 -10.1333 23.2752 37.6705
800 704 -9.5790 17.1423 32.0002
816 704 -0.8746  3.5025 23.5081
832 704 -0.5994 -0.7606 36.4251
 16 720  2.0891 -3.2272 48.2251
 32 720  2.7672 -8.0118 40.0530
 48 720  3.6975 -9.4018 39.9582
 64 720  4.1426 -10.9116 42.6875
 80 720  4.5455 -12.0356 31.1039
 96 720  1.7886 -12.1556 26.5464
112 720 -1.2798 -12.5226 24.4138
128 720 -16.0163 -21.3896 37.6184
144 720 -17.6307 -21.3909 43.0428
160 720 -19.7895 -19.1604 23.0822
176 720 -20.7400 -17.9849 21.6385
192 720 -23.8836 -16.5470 28.3759
208 720 -16.1505 -14.8314 29.4040
224 720 -18.8790 -13.4131 31.3081
240 720 -18.3259 -12.5046 43.8584
256 720 -16.4161 -11.0069 37.3545
272 720 -17.5035 -10.1251 37.0170
288 720 -18.1617 -8.5962 30.2219
304 720 -16.4417 -7.8168 33.8097
320 720 -16.9029 -7.3752 34.5772
336 720 -11.4196 -2.9471 40.2699
352 720 -11.2463 -2.9416 45.3709
368 720 -11.6158 -1.7960 40.8167
384 720 -11.1082 -1.2036 44.2739
400 720 -10.3500 -1.6582 43.7688
416 720 -9.9325 -1.7213 51.1513
432 720 -9.5618 -0.7516 46.6911
448 720 -9.9220 -0.8053 39.5163
464 720 -9.6524 -1.2947 36.9189
480 720 -9.4576 -0.4725 47.1385
496 720 -10.0531 -0.0024 60.3740
512 720 -9.6642  0.1800 55.7339
528 720 -9.4996  1.0661 52.2187
544 720 -9.4264  1.3133 45.1819
560 720 -9.1775  1.9592 37.6734
576 720 -9.2136  2.8341 35.1720
592 720 -10.0917  5.7927 31.9329
608 720 -11.8344  6.7228 38.3157
624 720 -13.6114  8.3054 45.5990
640 720 -13.0909  9.5973 45.6035
656 720 -13.4990 11.2910 34.0903
672 720 -20.6541 18.4557 40.1870
688 720 -19.7023 21.6194 43.2172
704 720 -27.2849 32.0378 34.3581
720 720 -16.7810 24.1902 27.6052
736 720 -16.6032 25.8939 38.1842
752 720 -19.8271 30.7084 27.2503
768 720 -18.4459 29.8866 25.5898
784 720 -6.9544 11.0135 27.4440
800 720 -2.5122  3.4989 28.1220
816 720 -0.5661  0.8654 43.0982
832 720 -0.5925 -1.3475 42.0746
 16 736  1.0931 -1.6927 51.3184
 32 736  2.2462 -5.1465 39.5006
 48 736  6.1875 -2.6888 40.7822
 64 736 11.3412 -4.0368 42.6212
 80 736  5.8393 -5.5923 29.4362
 96 736  1.4393 -9.6535 27.6259
112 736 -0.7312 -9.9842 35.0588
128 736 -15.9407 -19.8920 31.3514
144 736 -18.6562 -19.2788 30.5876
160 736 -21.6390 -18.3865 40.6678
176 736 -22.0070 -18.1583 42.6164
192 736 -25.4687 -21.2685 29.8992
208 736 -16.8085 -14.3169 32.1871
224 736 -20.6687 -12.5139 40.0705
240 736 -20.5844 -12.2689 48.1681
256 736 -20.4777 -10.3325 51.9844
272 736 -20.7186 -10.1353 51.8710
288 736 -20.9193 -8.8915 39.8363
304 736 -20.3814 -8.5762 40.0324
320 736 -21.2710 -7.8484 51.4411
336 736 -20.3134 -6.1103 34.4583
352 736 -13.7791 -2.4163 39.3003
368 736 -12.7980 -2.3087 39.9710
384 736 -12.9418 -1.9924 39.0903
400 736 -12.8411 -1.5708 36.9072
416 736 -11.9500 -1.1129 46.9557
432 736 -11.6888 -0.6611 46.5460
448 736 -13.3138 -0.6968 43.9440
464 736 -13.5947 -0.4669 46.6110
480 736 -11.6025  0.0750 50.7396
496 736 -11.6445 -0.0800 57.3899
512 736 -12.1051  0.2780 51.8752
528 736 -11.4751  1.2855 41.6802
544 736 -11.4194  1.9073 37.4462
560 736 -12.3917  2.3380 40.4652
576 736 -13.4025  2.8623 36.3485
592 736 -16.6964  7.6176 46.8488
608 736 -16.5041  9.8015 49.8316
624 736 -17.2467 11.9800 43.5194
640 736 -15.1987 13.3044 33.7716
656 736 -25.3933 20.7570 39.0324
672 736 -24.8349 17.5164 39.6386
688 736 -21.1976 20.0203 36.1757
704 736 -29.4313 31.5669 39.7257
720 736 -27.9935 33.5968 36.5277
736 736 -22.3357 27.4789 37.0905
752 736 -21.4866 27.1900 22.9593
768 736 -7.0266 14.6964 32.3467
784 736 -7.1964 11.6120 48.5685
800 736 -7.6582  8.6358 38.4923
816 736 -0.5597 -0.9709 56.5215
832 736 -0.5990 -1.9786 48.5638
 16 752  1.3836 -0.2924 40.8353
 32 752  3.1700 -1.9183 41.9319
 48 752  3.9540 -4.4989 42.1304
 64 752 -4.0948 -6.4989 28.3410
 80 752 -3.9800 -7.3035 24.4216
 96 752  2.1422 -8.7244 35.2347
112 752 -2.0144 -9.1890 54.0997
128 752 -4.7870 -9.9548 39.1940
144 752 -10.1344 -12.0421 29.0706
160 752 -16.6491 -14.6492 29.9023
176 752 -17.1581 -12.4739 37.6823
192 752 -28.1381 -18.3814 25.4579
208 752 -32.4379 -16.9066 31.8725
224 752 -21.6450 -11.6591 36.5046
240 752 -21.7467 -11.1526 35.2657
256 752 -21.9028 -9.1335 51.2484
272 752 -21.6251 -9.0943 56.5435
288 752 -22.5774 -7.9082 40.0771
304 752 -21.6536 -8.2250 30.7686
320 752 -22.2950 -7.6035 43.9099
336 752 -21.6430 -6.0143 35.3004
352 752 -16.5985 -4.7719 36.5385
368 752 -22.0795 -5.2134 38.8037
384 752 -14.4499 -2.3848 34.1611
400 752 -15.2182 -2.8711 31.7777
416 752 -17.1021 -2.5204 45.9947
432 752 -15.4272 -1.5475 43.4269
448 752 -16.7558 -1.3690 54.7421
464 752 -15.6877 -1.1291 47.6246
480 752 -15.1252 -0.0807 44.4681
496 752 -16.8673 -0.0045 52.3445
512 752 -14.5971  0.2374 42.6334
528 752 -14.1768  1.0797 34.1971
544 752 -14.3315  2.3293 30.5459
560 752 -13.1498  2.8773 34.5489
576 752 -14.0490  2.8276 30.9789
592 752 -20.1118  7.2763 40.6726
608 752 -20.0760  9.4247 47.7769
624 752 -19.5044 11.5587 43.2593
640 752 -17.1772 13.4378 32.9721
656 752 -27.3380 20.9114 49.1606
672 752 -26.9558 22.3590 49.1267
688 752 -31.3755 28.1932 36.2018
704 752 -30.9121 30.4609 51.3188
720 752 -29.3820 31.6741 42.5127
736 752 -16.6993 23.4055 33.7414
752 752 -16.1911 22.5215 30.2867
768 752 -7.8733 10.6859 38.5090
784 752 -7.2096  7.9528 33.1795
800 752 -2.2392  0.0847 42.0531
816 752 -0.5608 -2.5652 41.7580
832 752 -0.6432 -3.1043 38.5366
 16 768  0.4824  0.5235 47.4664
 32 768  1.9420 -0.0838 43.9250
 48 768  2.3494 -3.4513 38.6725
 64 768 -2.5508 -5.6737 28.6270
 80 768 -2.6804 -5.2634 25.9357
 96 768  1.0365 -7.8102 49.3682
112 768 -3.1028 -8.3215 51.0819
128 768 -7.4491 -11.2074 39.4771
144 768 -16.1794 -13.9365 25.8834
160 768 -18.1609 -12.7124 31.9032
176 768 -20.0753 -11.7818 38.4006
192 768 -21.4628 -11.1590 28.6382
208 768 -26.5376 -13.2435 50.0987
224 768 -26.1961 -12.8230 39.5237
240 768 -27.5388 -11.2037 34.8234
256 768 -26.3375 -11.3496 29.0204
272 768 -28.4091 -10.4926 29.5256
288 768 -28.7986 -10.7096 36.2411
304 768 -29.3033 -9.6181 43.9014
320 768 -30.6091 -9.4662 41.4961
336 768 -28.5870 -8.9770 41.6936
352 768 -28.0394 -8.5759 41.5509
368 768 -22.5692 -3.1324 47.4925
384 768 -23.8941 -2.5832 52.6960
400 768 -20.2933 -2.3728 32.2132
416 768 -19.7368 -2.1463 44.1267
432 768 -17.1270 -1.6375 47.7748
448 768 -19.0865 -1.0277 64.1456
464 768 -19.9583 -0.4494 41.8623
480 768 -20.1978  0.1632 44.8691
496 768 -19.6991  0.0752 54.8749
512 768 -18.7946  0.5243 49.2947
528 768 -18.7564  2.2032 35.2031
544 768 -17.4892  3.6327 31.2087
560 768 -21.8892  5.3318 30.0594
576 768 -24.0154  6.0479 31.3255
592 768 -23.6351  8.8194 45.3117
608 768 -22.5223  9.8535 49.1389
624 768 -22.0120 10.9070 39.4869
640 768 -32.0351 17.2189 34.5255
656 768 -29.8527 19.9155 32.6127
672 768 -28.0409 22.1399 21.4289
688 768 -24.0277 18.4216 25.6643
704 768 -24.1302 19.3210 46.3285
720 768 -22.9652 19.4358 42.2317
736 768 -18.1555 20.2357 36.5858
752 768 -9.5375 11.0932 36.9783
768 768 -8.0819  7.8189 36.4685
784 768 -3.0815  1.7789 33.3176
800 768 -1.1274 -1.8280 42.8726
816 768 -0.8559 -3.1066 35.7685
832 768 -0.5802 -3.7166 28.5878
 16 784 -0.1362  2.0023 40.9287
 32 784  1.1199  1.3314 44.1115
 48 784  3.0369 -1.2990 34.9383
 64 784  6.2878 -1.0733 37.4848
 80 784  6.0320 -1.3891 38.5439
 96 784 -2.6216 -5.2204 27.4591
112 784 -5.5342 -7.1489 25.3677
128 784 -14.3007 -7.8043 38.2242
144 784 -17.1924 -10.8186 39.8739
160 784 -20.0559 -11.1868 34.3409
176 784 -21.9692 -11.1948 41.7384
192 784 -26.5048 -11.8732 47.0981
208 784 -31.0682 -10.8638 55.4972
224 784 -29.8952 -11.0313 46.6171
240 784 -30.5035 -10.2217 34.2985
256 784 -30.2739 -9.8884 32.2210
272 784 -31.3947 -9.9220 37.8291
288 784 -31.6814 -10.1704 38.5647
304 784 -31.6116 -9.4116 40.5486
320 784 -32.3915 -9.3439 48.1631
336 784 -31.4904 -8.9993 51.1457
352 784 -32.0023 -8.4805 44.2283
368 784 -25.0507 -4.0993 43.8728
384 784 -25.2563 -3.4431 48.1024
400 784 -24.1407 -1.7960 33.1325
416 784 -24.5350 -1.7826 34.2464
432 784 -32.0180 -2.0662 34.2835
448 784 -24.1869  0.0992 31.1302
464 784 -24.9729 -0.1853 38.8948
480 784 -25.0285 -0.5160 40.1891
496 784 -23.1606  0.3675 51.0880
512 784 -26.2530  1.5574 50.4114
528 784 -28.7473  3.0332 36.7938
544 784 -22.1790  2.6210 23.0936
560 784 -31.3342  7.9256 39.1936
576 784 -32.0740  8.9358 47.5659
592 784 -30.1894 10.1198 40.7166
608 784 -28.6961 11.1373 32.8245
624 784 -37.1246 20.1891 29.9339
640 784 -38.4733 20.4648 38.4090
656 784 -32.6479 18.4641 23.3498
672 784 -30.0530 21.2867 38.0847
688 784 -27.5278 22.6347 45.5820
704 784 -24.8313 18.5415 38.2350
720 784 -23.0790 18.7591 42.8318
736 784 -10.7576 10.9583 33.4241
752 784 -8.2010  7.7092 36.0184
768 784 -2.3998  1.8333 46.5121
784 784 -1.2920 -1.7198 42.9536
800 784 -0.5214 -3.0355 36.3239
816 784 -0.9355 -3.4280 38.5815
832 784 -0.7705 -3.9921 29.4959
 16 800 -0.2134  1.9991 36.9073
 32 800  0.6456  2.0344 42.1304
 48 800  2.5130  0.2344 36.0356
 64 800  3.5587 -1.0077 32.2029
 80 800  3.6063 -1.9234 33.1880
 96 800  1.5229 -3.6710 27.4114
112 800 -7.8474 -7.8938 25.6443
128 800 -15.5819 -10.3870 36.3950
144 800 -18.2859 -9.8256 36.4566
160 800 -23.3987 -8.2309 38.2342
176 800 -24.1370 -9.1340 36.9164
192 800 -28.3380 -10.9874 41.3087
208 800 -32.3486 -10.2103 47.7537
224 800 -32.3096 -10.3600 40.1488
240 800 -33.4943 -9.6568 23.8446
256 800 -33.2978 -8.6468 27.4834
272 800 -33.7637 -8.5442 35.9711
288 800 -32.8621 -9.3319 31.3953
304 800 -36.3142 -9.4188 32.6853
320 800 -38.4459 -9.5310 39.4106
336 800 -38.6378 -7.2845 23.3484
352 800 -37.4833 -7.2208 23.3343
368 800 -41.3173 -6.7905 25.0742
384 800 -43.3248 -6.5988 26.4914
400 800 -41.5314 -7.4803 32.7014
416 800 -30.0847 -3.1276 39.0990
432 800 -34.7644 -2.1175 42.4716
448 800 -33.8742 -0.8344 44.1460
464 800 -31.8201 -1.1821 34.2567
480 800 -32.3457 -0.1499 46.8711
496 800 -28.8607  0.2763 40.3651
512 800 -35.9198  1.1061 60.3209
528 800 -33.6607  1.8525 42.0980
544 800 -34.4826  2.5017 32.4844
560 800 -39.3999  7.0692 32.8250
576 800 -36.0460 10.0779 36.1301
592 800 -28.3170  9.2327 36.6878
608 800 -34.2751 13.7751 33.5037
624 800 -34.8750 14.9552 24.8162
640 800 -39.5811 19.6122 36.6535
656 800 -35.0811 20.9329 25.2694
672 800 -30.2826 18.9083 27.6607
688 800 -27.2400 19.9776 34.5177
704 800 -14.5117 10.2599 36.6287
720 800 -10.9846  8.0368 35.3874
736 800 -3.7165  2.9154 27.6276
752 800 -2.2853  1.0621 37.6356
768 800 -1.2175 -1.3503 45.4685
784 800 -0.4488 -3.2343 35.0853
800 800 -0.3701 -3.9500 31.0885
816 800 -0.3352 -4.5320 29.9746
832 800  0.6891 -5.4560 28.7848
 16 816 -0.3826  1.3378 47.2758
 32 816  0.3359  1.2193 49.8577
 48 816  1.2877  0.2277 45.0142
 64 816  3.5374 -0.8028 45.8922
 80 816  3.3334 -1.4742 40.4394
 96 816  1.9497 -2.6537 34.8405
112 816  0.0804 -2.4787 31.8145
128 816 -2.9102 -1.5422 20.6434
144 816 -18.7755 -8.5222 25.5048
160 816 -24.2968 -7.5723 38.0498
176 816 -25.7754 -9.1878 36.2917
192 816 -31.4794 -8.4368 44.0823
208 816 -33.4972 -7.8973 48.8466
224 816 -34.8387 -7.2571 31.0585
240 816 -38.1221 -8.8373 40.8204
256 816 -38.3826 -8.6477 35.7792
272 816 -37.2051 -8.8445 29.3378
288 816 -33.5788 -8.4261 24.0197
304 816 -37.9013 -9.9861 47.5901
320 816 -39.5306 -9.5224 35.4851
336 816 -41.6602 -8.0347 41.2224
352 816 -41.1319 -7.7207 41.5246
368 816 -42.1554 -6.2961 22.2456
384 816 -44.9809 -6.3656 28.4146
400 816 -45.2568 -7.6801 22.7638
416 816 -30.2350 -2.5311 33.2389
432 816 -37.5171 -4.2041 40.8586
448 816 -36.0437 -2.5500 34.9024
464 816 -39.8546 -2.6072 31.1091
480 816 -40.7415 -0.6565 46.2970
496 816 -39.8377 -0.2496 46.9402
512 816 -40.4527  0.2828 59.6006
528 816 -39.0698  0.9595 52.6553
544 816 -37.4518  2.4226 37.0565
560 816 -44.0026  5.9589 25.2064
576 816 -41.1628  7.8974 25.1472
592 816 -40.9966  9.0638 40.7826
608 816 -34.2297  9.2330 30.0562
624 816 -29.3861 11.6232 35.7082
640 816 -21.7109  9.0543 23.4975
656 816 -21.7268 11.3128 17.6857
672 816 -19.1374 10.8946 24.3870
688 816 -16.3694 11.8766 30.6765
704 816 -12.1743  8.6893 32.3801
720 816 -4.3507  3.5935 26.6146
736 816 -2.4909  1.2055 38.0296
752 816 -0.7332 -1.1281 35.8584
768 816  0.2930 -2.8934 32.3027
784 816  2.5112 -5.4994 26.6674
800 816 -0.6138 -4.8302 27.3924
816 816 -0.4398 -4.3063 28.3966
832 816 -0.3484 -3.7918 28.9199
 16 832 -0.3580  1.0014 47.9222
 32 832  0.5811  1.4142 45.7324
 48 832  2.5329  0.3155 39.2956
 64 832  3.8628 -0.5383 47.6255
 80 832  3.1272 -0.6363 48.7569
 96 832  2.3863 -1.8586 27.3162
112 832  0.3985 -1.0249 39.8364
128 832 -1.2212 -0.7427 39.5790
144 832 -7.3198 -1.3882 26.1063
160 832 -12.2496 -2.3548 30.8917
176 832 -25.5013 -8.1158 32.1733
192 832 -29.6033 -7.9314 42.1089
208 832 -33.5668 -6.7191 48.7328
224 832 -33.7390 -5.5876 38.3717
240 832 -37.3603 -8.2922 40.4372
256 832 -39.7152 -8.3437 38.8889
272 832 -40.1720 -7.0647 17.4932
288 832 -40.5732 -7.6968 28.9462
304 832 -38.1827 -8.5511 36.6258
320 832 -39.6712 -8.8947 37.4080
336 832 -42.4162 -7.3336 42.7700
352 832 -42.2438 -6.8275 41.4020
368 832 -36.7633 -5.0345 29.9113
384 832 -31.2803 -2.0548 32.1927
400 832 -28.1876 -2.0967 21.7034
416 832 -30.4446 -2.1128 34.2661
432 832 -36.3167 -4.7623 29.7093
448 832 -36.5932 -3.7911 33.4266
464 832 -38.2254 -2.8320 29.7123
480 832 -38.8408 -1.4942 39.6238
496 832 -38.8578 -1.2754 43.5691
512 832 -39.7874 -0.0812 38.8115
528 832 -39.7907  1.3591 42.3510
544 832 -34.8563  1.5429 13.3590
560 832 -32.0201  3.3934 22.0201
576 832 -27.0107  3.4920 23.0397
592 832 -26.3158  3.4952 26.7376
608 832 -36.2718  8.4297 21.7266
624 832 -27.3931  8.7482 27.5855
640 832 -23.0117  7.4822 23.4902
656 832 -19.0041  8.8383 19.0617
672 832 -6.6902  1.7631 27.0675
688 832 -4.2916  0.5827 31.0947
704 832 -2.2313  0.3812 37.7140
720 832 -0.7980  0.1261 41.9578
736 832 -0.1345 -0.3782 37.6670
752 832  1.0030 -2.6646 28.7611
768 832  1.5873 -3.4821 32.9489
784 832  1.5564 -3.9328 42.0889
800 832  0.8412 -3.7986 40.4047
816 832  0.1384 -2.5547 37.3408
832 832 -0.2005 -2.0329 37.8565
 16 848 -0.3317  0.5514 46.5823
 32 848  0.2944  1.0915 42.9012
 48 848  2.4231  0.6059 39.6061
 64 848  3.0137 -0.0615 39.0432
 80 848  2.4513 -0.7283 35.5240
 96 848  2.1106 -1.3871 26.0509
112 848  0.8066 -0.6144 42.8703
128 848  0.0992 -0.7529 49.5319
144 848 -3.0209 -0.0879 36.3770
160 848 -5.5296 -1.5052 29.9227
176 848 -11.2039 -1.2268 38.3813
192 848 -12.2623 -1.0332 39.8563
208 848 -18.8899 -3.0999 37.6259
224 848 -32.9795 -5.6186 38.8119
240 848 -34.7564 -5.8475 32.8833
256 848 -39.4313 -8.3546 24.1531
272 848 -36.7222 -7.9720 32.6902
288 848 -35.2452 -8.0061 25.3924
304 848 -39.2486 -6.6084 36.7952
320 848 -40.0798 -6.9547 35.0810
336 848 -43.7961 -6.0484 27.5560
352 848 -27.3041 -3.1895 23.8577
368 848 -40.2568 -6.7788 33.8143
384 848 -32.2840 -3.1471 28.3289
400 848 -30.6133 -2.1729 22.3929
416 848 -30.2111 -2.1716 31.6182
432 848 -28.8976 -2.4860 29.9552
448 848 -34.0778 -3.1424 36.3206
464 848 -31.9319 -3.0935 30.0874
480 848 -30.0034 -2.6614 42.7774
496 848 -34.3214 -2.5625 39.8127
512 848 -35.2574 -0.6810 33.7914
528 848 -32.6855 -0.5616 36.6551
544 848 -31.0746 -1.8602 31.9492
560 848 -28.5766  0.4850 27.6153
576 848 -24.5068  1.3857 33.3760
592 848 -22.8161  1.5393 31.8690
608 848 -18.5149  0.9511 25.5633
624 848 -13.7065  1.3850 27.9624
640 848 -9.3633  0.8620 31.0742
656 848 -5.9996  0.2949 28.7924
672 848 -4.0930  0.4406 30.9301
688 848 -1.7733 -0.0814 35.7855
704 848  0.0044 -0.7909 41.5772
720 848  1.3783 -1.3892 40.3038
736 848  3.1418 -1.3208 32.2374
752 848  3.2510 -2.4992 31.4581
768 848  2.5687 -3.1213 40.2045
784 848  2.2018 -3.0244 45.7720
800 848  1.9441 -3.0259 43.8712
816 848  0.7689 -1.9548 43.1134
832 848  0.4673 -1.6579 41.1106
 16 864 -0.1062  0.7549 32.5761
 32 864  0.0370  0.6748 36.8380
 48 864  1.3833  0.2236 38.8170
 64 864  2.2541 -0.1564 37.3153
 80 864  2.3709 -0.2256 32.8700
 96 864  2.4659 -0.2795 32.5968
112 864  2.1651 -0.4633 36.8034
128 864  1.5906 -0.6118 40.9857
144 864  0.6492 -0.2784 45.5378
160 864 -1.2680  0.3247 42.0310
176 864 -4.9644  0.5917 33.3074
192 864 -6.9547 -0.4529 36.7984
208 864 -10.3424 -1.0711 45.5032
224 864 -12.7485 -0.6633 30.9208
240 864 -14.6569 -0.4468 21.7508
256 864 -17.5679 -2.6875 24.4540
272 864 -20.8247 -2.9316 33.4561
288 864 -22.5231 -1.5446 31.6524
304 864 -26.1900 -2.9453 34.3221
320 864 -23.0588 -1.5527 27.4737
336 864 -24.1343 -1.4132 25.3783
352 864 -25.2011 -3.6871 23.4003
368 864 -36.3408 -6.3241 30.3235
384 864 -29.6180 -3.2121 27.6597
400 864 -28.0077 -2.2311 32.3076
416 864 -26.9491 -2.2552 28.2341
432 864 -25.9203 -2.9919 29.2263
448 864 -30.3937 -2.4945 36.3447
464 864 -28.3485 -0.5857 42.1560
480 864 -26.7012 -2.0407 37.4632
496 864 -27.9330 -3.0483 38.5649
512 864 -27.7905 -2.3487 40.2688
528 864 -29.4775 -1.9970 44.6292
544 864 -27.8800 -2.0630 38.4229
560 864 -23.4751 -0.1900 28.7053
576 864 -20.5750 -0.8279 40.6000
592 864 -17.3548 -1.2931 42.3015
608 864 -13.8744 -1.4468 40.0097
624 864 -9.7642 -1.4727 43.7737
640 864 -7.4178 -0.5283 37.1416
656 864 -4.5779 -0.8868 30.3582
672 864 -1.3449 -0.8716 32.8437
688 864  1.5345 -1.2702 34.7863
704 864  3.2736 -1.2809 35.6882
720 864  4.0415 -0.6605 34.9513
736 864  4.3017 -0.6826 32.9472
752 864  3.7108 -2.8136 37.0540
768 864  3.3628 -2.9453 43.0015
784 864  2.3435 -1.6605 48.9139
800 864  2.4638 -1.9325 49.7662
816 864  1.1941 -1.3087 42.8728
832 864  0.6709 -1.0615 42.7818
 16 880  0.0162  0.9600 32.8593
 32 880  0.4876  0.5798 31.2988
 48 880  1.2021  0.1243 36.2557
 64 880  1.7241 -0.1621 38.0285
 80 880  1.9562  0.0313 36.6732
 96 880  2.3703 -0.0875 37.4483
112 880  2.3843 -0.1730 37.0817
128 880  2.0483 -0.0796 37.3848
144 880  0.9817  0.0399 40.5204
160 880 -0.2464  0.4230 42.6808
176 880 -0.9212  0.6660 39.4610
192 880 -2.1707  0.7700 41.9743
208 880 -4.5650  0.7702 46.2802
224 880 -9.2327 -1.3086 43.7809
240 880 -9.7891 -1.1925 33.4542
256 880 -10.6757 -1.1260 29.7185
272 880 -11.3146 -1.1972 27.5092
288 880 -17.6429 -1.4674 34.8801
304 880 -18.0246 -1.8721 33.0875
320 880 -17.8120 -1.6025 29.5730
336 880 -18.6847 -1.3632 28.6938
352 880 -19.3306 -2.0211 23.4116
368 880 -21.3988 -1.4828 30.3059
384 880 -22.8762 -1.3772 35.9965
400 880 -20.9312 -1.4717 39.2447
416 880 -16.7329 -1.4370 31.9736
432 880 -18.6824 -0.9724 26.4121
448 880 -24.2463 -0.5635 33.6439
464 880 -23.7678 -1.3165 38.1421
480 880 -19.9157 -1.7099 31.9192
496 880 -21.0422 -1.2712 31.3197
512 880 -19.7181 -0.8619 31.7932
528 880 -15.7453 -0.8711 28.4102
544 880 -16.3555 -0.7909 29.8556
560 880 -13.4492 -0.5263 24.6450
576 880 -15.5868 -0.8921 33.3228
592 880 -14.1913 -1.0319 35.8436
608 880 -11.3449 -1.3949 39.6527
624 880 -7.1988 -1.5712 40.5981
640 880 -5.0188 -0.9058 34.0142
656 880 -3.0327 -0.6895 34.2204
672 880 -0.2334 -1.2154 38.4029
688 880  1.5687 -1.1850 40.0386
704 880  3.5294 -0.9696 41.1385
720 880  4.0739 -0.5863 40.4170
736 880  3.3729 -0.2253 44.7419
752 880  2.9479 -1.1308 43.8949
768 880  2.3131 -1.1265 45.1326
784 880  1.3966 -0.8195 50.5917
800 880  0.7876 -0.7661 56.4741
816 880  0.5968 -0.1567 49.7246
832 880  0.5826 -0.0988 42.4407
